NaN NaN NaN NaN NaN NaN NaN NaN NaN NaN NaN NaN NaN NaN NaN NaN NaN NaN NaN NaN NaN NaN NaN NaN NaN NaN NaN NaN NaN NaN NaN NaN NaN NaN NaN NaN NaN NaN NaN NaN NaN NaN NaN NaN NaN NaN NaN NaN NaN NaN NaN NaN NaN NaN NaN NaN NaN NaN NaN NaN NaN NaN NaN NaN NaN NaN NaN NaN NaN NaN NaN NaN NaN NaN NaN NaN NaN NaN NaN NaN NaN NaN NaN NaN NaN NaN NaN NaN NaN NaN NaN NaN NaN NaN NaN NaN NaN NaN NaN NaN NaN NaN NaN 
NaN NaN NaN NaN NaN NaN NaN NaN NaN NaN NaN NaN NaN NaN NaN NaN NaN NaN NaN NaN NaN NaN NaN NaN NaN NaN NaN NaN NaN NaN NaN NaN NaN NaN NaN NaN NaN NaN NaN NaN NaN NaN NaN NaN NaN NaN NaN NaN NaN NaN NaN NaN NaN NaN NaN NaN NaN NaN NaN NaN NaN NaN NaN NaN NaN NaN NaN NaN NaN NaN NaN NaN NaN NaN NaN NaN NaN NaN NaN NaN NaN NaN NaN NaN NaN NaN NaN NaN NaN NaN NaN NaN NaN NaN NaN NaN NaN NaN NaN NaN NaN NaN NaN 
NaN NaN NaN NaN NaN NaN NaN NaN NaN NaN NaN NaN NaN NaN NaN NaN NaN NaN NaN NaN NaN NaN NaN NaN NaN NaN NaN NaN NaN NaN NaN NaN NaN NaN NaN NaN NaN NaN NaN NaN NaN NaN NaN NaN NaN NaN NaN NaN NaN NaN NaN NaN NaN NaN NaN NaN NaN NaN NaN NaN NaN NaN NaN NaN NaN NaN NaN NaN NaN NaN NaN NaN NaN NaN NaN NaN NaN NaN NaN NaN NaN NaN NaN NaN NaN NaN NaN NaN NaN NaN NaN NaN NaN NaN NaN NaN NaN NaN NaN NaN NaN NaN NaN 
NaN NaN NaN NaN NaN NaN NaN NaN NaN NaN NaN NaN NaN NaN NaN NaN NaN NaN NaN NaN NaN NaN NaN NaN NaN NaN NaN NaN NaN NaN NaN NaN NaN NaN NaN NaN NaN NaN NaN NaN NaN NaN NaN NaN NaN NaN NaN NaN NaN NaN NaN NaN NaN NaN NaN NaN NaN NaN NaN NaN NaN NaN NaN NaN NaN NaN NaN NaN NaN NaN NaN NaN NaN NaN NaN NaN NaN NaN NaN NaN NaN NaN NaN NaN NaN NaN NaN NaN NaN NaN NaN NaN NaN NaN NaN NaN NaN NaN NaN NaN NaN NaN NaN 
NaN NaN NaN NaN NaN NaN NaN NaN NaN NaN NaN NaN NaN NaN NaN NaN NaN NaN NaN NaN NaN NaN NaN NaN NaN NaN NaN NaN NaN NaN NaN NaN NaN NaN NaN NaN NaN NaN NaN NaN NaN NaN NaN NaN NaN NaN NaN NaN NaN NaN NaN NaN NaN NaN NaN NaN NaN NaN NaN NaN NaN NaN NaN NaN NaN NaN NaN NaN NaN NaN NaN NaN NaN NaN NaN NaN NaN NaN NaN NaN NaN NaN NaN NaN NaN NaN NaN NaN NaN NaN NaN NaN NaN NaN NaN NaN NaN NaN NaN NaN NaN NaN NaN 
NaN NaN NaN NaN NaN NaN NaN NaN NaN NaN NaN NaN NaN NaN NaN NaN NaN NaN NaN NaN NaN NaN NaN NaN NaN NaN NaN NaN NaN NaN NaN NaN NaN NaN NaN NaN NaN NaN NaN NaN NaN NaN NaN NaN NaN NaN NaN NaN NaN NaN NaN NaN NaN NaN NaN NaN NaN NaN NaN NaN NaN NaN NaN NaN NaN NaN NaN NaN NaN NaN NaN NaN NaN NaN NaN NaN NaN NaN NaN NaN NaN NaN NaN NaN NaN NaN NaN NaN NaN NaN NaN NaN NaN NaN NaN NaN NaN NaN NaN NaN NaN NaN NaN 
NaN NaN NaN NaN NaN NaN NaN NaN NaN NaN NaN NaN NaN NaN NaN NaN NaN NaN NaN NaN NaN NaN NaN NaN NaN NaN NaN NaN NaN NaN NaN NaN NaN NaN NaN NaN NaN NaN NaN NaN NaN NaN NaN NaN NaN NaN NaN NaN NaN NaN NaN NaN NaN NaN NaN NaN NaN NaN NaN NaN NaN NaN NaN NaN NaN NaN NaN NaN NaN NaN NaN NaN NaN NaN NaN NaN NaN NaN NaN NaN NaN NaN NaN NaN NaN NaN NaN NaN NaN NaN NaN NaN NaN NaN NaN NaN NaN NaN NaN NaN NaN NaN NaN 
NaN NaN NaN NaN NaN NaN NaN NaN NaN NaN NaN NaN NaN NaN NaN NaN NaN NaN NaN NaN NaN NaN NaN NaN NaN NaN NaN NaN NaN NaN NaN NaN NaN NaN NaN NaN NaN NaN NaN NaN NaN NaN NaN NaN NaN NaN NaN NaN NaN NaN NaN NaN NaN NaN NaN NaN NaN NaN NaN NaN NaN NaN NaN NaN NaN NaN NaN NaN NaN NaN NaN NaN NaN NaN NaN NaN NaN NaN NaN NaN NaN NaN NaN NaN NaN NaN NaN NaN NaN NaN NaN NaN NaN NaN NaN NaN NaN NaN NaN NaN NaN NaN NaN 
NaN NaN NaN NaN NaN NaN NaN NaN NaN NaN NaN NaN NaN NaN NaN NaN NaN NaN NaN NaN NaN NaN NaN NaN NaN NaN NaN NaN NaN NaN NaN NaN NaN NaN NaN NaN NaN NaN NaN NaN NaN NaN NaN NaN NaN NaN NaN NaN NaN NaN NaN NaN NaN NaN NaN NaN NaN NaN NaN NaN NaN NaN NaN NaN NaN NaN NaN NaN NaN NaN NaN NaN NaN NaN NaN NaN NaN NaN NaN NaN NaN NaN NaN NaN NaN NaN NaN NaN NaN NaN NaN NaN NaN NaN NaN NaN NaN NaN NaN NaN NaN NaN NaN 
NaN NaN NaN NaN NaN NaN NaN NaN NaN NaN NaN NaN NaN NaN NaN NaN NaN NaN NaN NaN NaN NaN NaN NaN NaN NaN NaN NaN NaN NaN NaN NaN NaN NaN NaN NaN NaN NaN NaN NaN NaN NaN NaN NaN NaN NaN NaN NaN NaN NaN NaN NaN NaN NaN NaN NaN NaN NaN NaN NaN NaN NaN NaN NaN NaN NaN NaN NaN NaN NaN NaN NaN NaN NaN NaN NaN NaN NaN NaN NaN NaN NaN NaN NaN NaN NaN NaN NaN NaN NaN NaN NaN NaN NaN NaN NaN NaN NaN NaN NaN NaN NaN NaN 
NaN NaN NaN NaN NaN NaN NaN NaN NaN NaN NaN NaN NaN NaN NaN NaN NaN NaN NaN NaN NaN NaN NaN NaN NaN NaN NaN NaN NaN NaN NaN NaN NaN NaN NaN NaN NaN NaN NaN NaN NaN NaN NaN NaN NaN NaN NaN NaN NaN NaN NaN NaN NaN NaN NaN NaN NaN NaN NaN NaN NaN NaN NaN NaN NaN NaN NaN NaN NaN NaN NaN NaN NaN NaN NaN NaN NaN NaN NaN NaN NaN NaN NaN NaN NaN NaN NaN NaN NaN NaN NaN NaN NaN NaN NaN NaN NaN NaN NaN NaN NaN NaN NaN 
NaN NaN NaN NaN NaN NaN NaN NaN NaN NaN NaN NaN NaN NaN NaN NaN NaN NaN NaN NaN NaN NaN NaN NaN NaN NaN NaN NaN NaN NaN NaN NaN NaN NaN NaN NaN NaN NaN NaN NaN NaN NaN NaN NaN NaN NaN NaN NaN NaN NaN NaN NaN NaN NaN NaN NaN NaN NaN NaN NaN NaN NaN NaN NaN NaN NaN NaN NaN NaN NaN NaN NaN NaN NaN NaN NaN NaN NaN NaN NaN NaN NaN NaN NaN NaN NaN NaN NaN NaN NaN NaN NaN NaN NaN NaN NaN NaN NaN NaN NaN NaN NaN NaN 
NaN NaN NaN NaN NaN NaN NaN NaN NaN NaN NaN NaN NaN NaN NaN NaN NaN NaN NaN NaN NaN NaN NaN NaN NaN NaN NaN NaN NaN NaN NaN NaN NaN NaN NaN NaN NaN NaN NaN NaN NaN NaN NaN NaN NaN NaN NaN NaN NaN NaN NaN NaN NaN NaN NaN NaN NaN NaN NaN NaN NaN NaN NaN NaN NaN NaN NaN NaN NaN NaN NaN NaN NaN NaN NaN NaN NaN NaN NaN NaN NaN NaN NaN NaN NaN NaN NaN NaN NaN NaN NaN NaN NaN NaN NaN NaN NaN NaN NaN NaN NaN NaN NaN 
NaN NaN NaN NaN NaN NaN NaN NaN NaN NaN NaN NaN NaN NaN NaN NaN NaN NaN NaN NaN NaN NaN NaN NaN NaN NaN NaN NaN NaN NaN NaN NaN NaN NaN NaN NaN NaN NaN NaN NaN NaN NaN NaN NaN NaN NaN NaN NaN NaN NaN NaN NaN NaN NaN NaN NaN NaN NaN NaN NaN NaN NaN NaN NaN NaN NaN NaN NaN NaN NaN NaN NaN NaN NaN NaN NaN NaN NaN NaN NaN NaN NaN NaN NaN NaN NaN NaN NaN NaN NaN NaN NaN NaN NaN NaN NaN NaN NaN NaN NaN NaN NaN NaN 
NaN NaN NaN NaN NaN NaN NaN NaN NaN NaN NaN NaN NaN NaN NaN NaN NaN NaN NaN NaN NaN NaN NaN NaN NaN NaN NaN NaN NaN NaN NaN NaN NaN NaN NaN NaN NaN NaN NaN NaN NaN NaN NaN NaN NaN NaN NaN NaN NaN NaN NaN NaN NaN NaN NaN NaN NaN NaN NaN NaN NaN NaN NaN NaN NaN NaN NaN NaN NaN NaN NaN NaN NaN NaN NaN NaN NaN NaN NaN NaN NaN NaN NaN NaN NaN NaN NaN NaN NaN NaN NaN NaN NaN NaN NaN NaN NaN NaN NaN NaN NaN NaN NaN 
NaN NaN NaN NaN NaN NaN NaN NaN NaN NaN NaN NaN NaN NaN NaN NaN NaN NaN NaN NaN NaN NaN NaN NaN NaN NaN NaN NaN NaN NaN NaN NaN NaN NaN NaN NaN NaN NaN NaN NaN NaN NaN NaN NaN NaN NaN NaN NaN NaN NaN NaN NaN NaN NaN NaN NaN NaN NaN NaN NaN NaN NaN NaN NaN NaN NaN NaN NaN NaN NaN NaN NaN NaN NaN NaN NaN NaN NaN NaN NaN NaN NaN NaN NaN NaN NaN NaN NaN NaN NaN NaN NaN NaN NaN NaN NaN NaN NaN NaN NaN NaN NaN NaN 
NaN NaN NaN NaN NaN NaN NaN NaN NaN NaN NaN NaN NaN NaN NaN NaN NaN NaN NaN NaN NaN NaN NaN NaN NaN NaN NaN NaN NaN NaN NaN NaN NaN NaN NaN NaN NaN NaN NaN NaN NaN NaN NaN NaN NaN NaN NaN NaN NaN NaN NaN NaN NaN NaN NaN NaN NaN NaN NaN NaN NaN NaN NaN NaN NaN NaN NaN NaN NaN NaN NaN NaN NaN NaN NaN NaN NaN NaN NaN NaN NaN NaN NaN NaN NaN NaN NaN NaN NaN NaN NaN NaN NaN NaN NaN NaN NaN NaN NaN NaN NaN NaN NaN 
NaN NaN NaN NaN NaN NaN NaN NaN NaN NaN NaN NaN NaN NaN NaN NaN NaN NaN NaN NaN NaN NaN NaN NaN NaN NaN NaN NaN NaN NaN NaN NaN NaN NaN NaN NaN NaN NaN NaN NaN NaN NaN NaN NaN NaN NaN NaN NaN NaN NaN NaN NaN NaN NaN NaN NaN NaN NaN NaN NaN NaN NaN NaN NaN NaN NaN NaN NaN NaN NaN NaN NaN NaN NaN NaN NaN NaN NaN NaN NaN NaN NaN NaN NaN NaN NaN NaN NaN NaN NaN NaN NaN NaN NaN NaN NaN NaN NaN NaN NaN NaN NaN NaN 
NaN NaN NaN NaN NaN NaN NaN NaN NaN NaN NaN NaN NaN NaN NaN NaN NaN NaN NaN NaN NaN NaN NaN NaN NaN NaN NaN NaN NaN NaN NaN NaN NaN NaN NaN NaN NaN NaN NaN NaN NaN NaN NaN NaN NaN NaN NaN NaN NaN NaN NaN NaN NaN NaN NaN NaN NaN NaN NaN NaN NaN NaN NaN NaN NaN NaN NaN NaN NaN NaN NaN NaN NaN NaN NaN NaN NaN NaN NaN NaN NaN NaN NaN NaN NaN NaN NaN NaN NaN NaN NaN NaN NaN NaN NaN NaN NaN NaN NaN NaN NaN NaN NaN 
NaN NaN NaN NaN NaN NaN NaN NaN NaN NaN NaN NaN NaN NaN NaN NaN NaN NaN NaN NaN NaN NaN NaN NaN NaN NaN NaN NaN NaN NaN NaN NaN NaN NaN NaN NaN NaN NaN NaN NaN NaN NaN NaN NaN NaN NaN NaN NaN NaN NaN NaN NaN NaN NaN NaN NaN NaN NaN NaN NaN NaN NaN NaN NaN NaN NaN NaN NaN NaN NaN NaN NaN NaN NaN NaN NaN NaN NaN NaN NaN NaN NaN NaN NaN NaN NaN NaN NaN NaN NaN NaN NaN NaN NaN NaN NaN NaN NaN NaN NaN NaN NaN NaN 
NaN NaN NaN NaN NaN NaN NaN NaN NaN NaN NaN NaN NaN NaN NaN NaN NaN NaN NaN NaN 1.0 0.6850802 0.6891622 0.9250121 0.8922842 0.93079525 0.88635236 0.83143896 0.8931482 0.7967965 0.8494011 -0.1712925 0.57962286 0.20125647 -0.11378256 0.39370108 0.81476456 0.81970555 0.46091267 0.39771986 -0.5306833 -0.58652544 -0.6167103 -0.6167284 -0.56838524 -0.10505434 0.70270866 0.6967544 0.59764236 0.26193196 0.10599582 -0.34172833 -0.36811158 0.6654568 0.7313945 0.68315506 0.22434074 -0.39531934 -0.42545658 -0.67586726 -0.3068844 0.049723167 -0.20303276 -0.72218484 -0.701524 -0.7035153 -0.7466498 -0.7897309 -0.78439087 -0.6768514 -0.79347104 -0.23780175 -0.8014655 -0.590445 -0.77692175 -0.68192023 -0.78673935 -0.78023744 -0.73509777 -0.7172538 -0.6540235 -0.40787885 -0.2845876 -0.59872776 -0.33003452 -0.5483411 0.35779417 0.60325205 0.5335421 -0.4151735 -0.6450471 -0.62903875 0.017948953 -0.055762354 0.39591745 0.612976 0.1291619 0.41573617 0.4311133 -0.04359052 0.07363224 -0.15000823 -0.02377018 
NaN NaN NaN NaN NaN NaN NaN NaN NaN NaN NaN NaN NaN NaN NaN NaN NaN NaN NaN NaN 0.6850802 1.0 0.77833617 0.76073277 0.55625254 0.7441295 0.60375285 0.4905114 0.6692501 0.74781966 0.6856985 0.13846445 0.5701895 0.36067948 0.15429603 0.51851416 0.5692185 0.5087788 0.4959697 0.41256997 -0.28813624 -0.4025421 -0.41021618 -0.40837207 -0.33842665 0.08689666 0.26992735 0.25749373 0.40177658 0.3174228 0.1573444 -0.12680718 -0.096791625 0.3970333 0.32192048 0.3997144 0.2507148 -0.114943646 -0.20260124 -0.38443938 -0.12895122 0.05476633 -0.1088182 -0.46439382 -0.4833748 -0.4998701 -0.51286757 -0.5146484 -0.5037542 -0.4391996 -0.47200114 -0.205856 -0.5395309 -0.4072561 -0.5585459 -0.503081 -0.56329477 -0.5332509 -0.53556985 -0.50137305 -0.43995187 -0.27137762 -0.20629776 -0.392436 -0.22279315 -0.34511355 0.21640831 0.1973719 0.20889577 -0.33202767 -0.53117603 -0.5151657 -0.09796879 -0.15787041 0.0955569 0.20114815 -0.08636678 -0.04150593 -0.028747728 -0.28640324 -0.32305333 -0.4259186 -0.3364037 
NaN NaN NaN NaN NaN NaN NaN NaN NaN NaN NaN NaN NaN NaN NaN NaN NaN NaN NaN NaN 0.6891622 0.77833617 1.0 0.8287315 0.5003268 0.7363716 0.5698026 0.44618127 0.70961726 0.83565634 0.70073205 0.37805745 0.6762891 0.51475555 0.39529052 0.6447513 0.5344378 0.5258275 0.65153706 0.5570835 -0.13167758 -0.35204163 -0.38979188 -0.38257796 -0.20739724 0.35457402 0.29516155 0.25793174 0.52592397 0.45998847 0.3737965 0.11533569 0.1002805 0.47442552 0.32644135 0.50065964 0.4441887 0.057976563 -0.0933279 -0.28526905 0.0033795857 0.12611248 0.057024095 -0.37220278 -0.5131235 -0.5197219 -0.52896994 -0.55062264 -0.49947324 -0.40355125 -0.5061327 -0.16091186 -0.44804502 -0.344433 -0.53343624 -0.52188617 -0.5603059 -0.5507836 -0.49216852 -0.40175626 -0.31838635 -0.16179329 -0.16804864 -0.22869746 -0.101547554 -0.15055431 0.37139314 0.22644775 0.28110656 -0.068067364 -0.36957288 -0.3240739 0.05006312 0.09742138 0.19664085 0.20817238 -0.021849481 0.025969923 0.06271456 -0.057377335 -0.08219947 -0.16256101 -0.13670385 
NaN NaN NaN NaN NaN NaN NaN NaN NaN NaN NaN NaN NaN NaN NaN NaN NaN NaN NaN NaN 0.9250121 0.76073277 0.8287315 1.0 0.86058486 0.9194786 0.7978121 0.7262875 0.8461098 0.7902924 0.800062 -0.00926593 0.5754856 0.2391636 0.014513994 0.4624989 0.7403069 0.7522922 0.49343404 0.37616712 -0.40965566 -0.50716287 -0.5490665 -0.547004 -0.47279182 0.0017818585 0.61360645 0.5906071 0.5458904 0.28040412 0.15037462 -0.25932193 -0.25199592 0.55709004 0.65014905 0.62787247 0.22970526 -0.32359293 -0.40896475 -0.57683986 -0.31283525 -0.026477223 -0.22259918 -0.6565056 -0.6269733 -0.6397642 -0.69162595 -0.7375257 -0.728528 -0.66219836 -0.753016 -0.3058143 -0.7278815 -0.5996917 -0.7237521 -0.62050027 -0.734103 -0.7230335 -0.67488384 -0.66829115 -0.609602 -0.40427086 -0.30713564 -0.5262445 -0.30761385 -0.42719615 0.35266224 0.545533 0.47937799 -0.34567732 -0.56618625 -0.55354285 -0.032296438 -0.056353007 0.31504375 0.5117655 0.10675913 0.33899546 0.35333005 -0.099810384 0.020348657 -0.20821306 -0.10575846 
NaN NaN NaN NaN NaN NaN NaN NaN NaN NaN NaN NaN NaN NaN NaN NaN NaN NaN NaN NaN 0.8922842 0.55625254 0.5003268 0.86058486 1.0 0.90567803 0.8909029 0.8909455 0.79445595 0.6132194 0.757687 -0.38980898 0.38799462 -0.009702492 -0.34389555 0.19172075 0.78970337 0.7850442 0.21555354 0.1693311 -0.6092309 -0.55993456 -0.58134925 -0.5870953 -0.63156927 -0.3877931 0.7088082 0.71120965 0.3953335 9.399518E-4 -0.12827528 -0.5514165 -0.5617086 0.5346166 0.7524131 0.54137105 -0.030605776 -0.58714604 -0.558691 -0.72650206 -0.45215303 -0.073914446 -0.36476448 -0.74570316 -0.60848826 -0.60783273 -0.67120844 -0.714411 -0.7417826 -0.6860775 -0.7660625 -0.2651741 -0.8017329 -0.61835754 -0.7172746 -0.5790451 -0.6973873 -0.6971348 -0.6754193 -0.7161344 -0.6914609 -0.4691362 -0.30730093 -0.65679216 -0.3663057 -0.61147445 0.24936396 0.69081366 0.5382023 -0.5292264 -0.62640035 -0.64679545 -0.04698964 -0.1680266 0.38012066 0.68849975 0.14916153 0.48801386 0.47544464 -0.16681306 0.039494388 -0.26256102 -0.11882114 
NaN NaN NaN NaN NaN NaN NaN NaN NaN NaN NaN NaN NaN NaN NaN NaN NaN NaN NaN NaN 0.93079525 0.7441295 0.7363716 0.9194786 0.90567803 1.0 0.940701 0.8836637 0.9161073 0.79552305 0.8364837 -0.13645363 0.5290157 0.16401793 -0.10605065 0.42422804 0.8064086 0.79243386 0.41975757 0.30118024 -0.5183583 -0.5661119 -0.5978146 -0.59819555 -0.56813926 -0.1581149 0.5984911 0.5934698 0.50572556 0.19890733 0.05721589 -0.38589084 -0.37226343 0.54024863 0.6676059 0.5955251 0.13033834 -0.43509135 -0.5000315 -0.65302104 -0.3883351 -0.07069666 -0.3026416 -0.7243176 -0.64695376 -0.6555198 -0.71355754 -0.755087 -0.7569137 -0.70113456 -0.78630733 -0.3116762 -0.77516216 -0.63165957 -0.7579576 -0.6303248 -0.7453317 -0.7349797 -0.70750195 -0.7175942 -0.65800387 -0.44440985 -0.30796662 -0.5842663 -0.33616358 -0.5065382 0.32345667 0.5779686 0.48439032 -0.4169765 -0.609028 -0.6037683 -0.032690167 -0.07191067 0.3713026 0.6096675 0.15801498 0.3669173 0.36128032 -0.1322147 -0.019891704 -0.25047135 -0.14016762 
NaN NaN NaN NaN NaN NaN NaN NaN NaN NaN NaN NaN NaN NaN NaN NaN NaN NaN NaN NaN 0.88635236 0.60375285 0.5698026 0.7978121 0.8909029 0.940701 1.0 0.9832644 0.92549324 0.7427723 0.8335523 -0.284992 0.4651318 0.090866335 -0.23918012 0.29515514 0.8173933 0.795461 0.30013636 0.24162199 -0.5866313 -0.5763533 -0.60144305 -0.6059661 -0.6164278 -0.30114257 0.6584007 0.66442746 0.45590916 0.08300547 -0.049736153 -0.48420477 -0.49158326 0.5569986 0.7066322 0.5635029 0.028599814 -0.53296375 -0.5288355 -0.71102005 -0.41380662 -0.0531497 -0.3242338 -0.7415997 -0.64252836 -0.64318854 -0.70099545 -0.746811 -0.7585037 -0.69439787 -0.78247607 -0.2639599 -0.80284536 -0.6068464 -0.7436603 -0.615163 -0.73185635 -0.73030776 -0.70132357 -0.7249285 -0.680878 -0.47037572 -0.31348544 -0.6407126 -0.37887606 -0.59062076 0.2652511 0.6205546 0.5042232 -0.4899779 -0.63154256 -0.63887334 -0.021538783 -0.09863439 0.41232723 0.6746034 0.171295 0.4569072 0.4590345 -0.1142823 0.04122259 -0.22114427 -0.09649227 
NaN NaN NaN NaN NaN NaN NaN NaN NaN NaN NaN NaN NaN NaN NaN NaN NaN NaN NaN NaN 0.83143896 0.4905114 0.44618127 0.7262875 0.8909455 0.8836637 0.9832644 1.0 0.8788907 0.6590912 0.78850955 -0.39204636 0.385456 0.0039601647 -0.34140277 0.20311831 0.8094539 0.7914259 0.219528 0.17226547 -0.6237571 -0.57253045 -0.5942842 -0.60087085 -0.64396983 -0.40015516 0.67982066 0.69088256 0.40836722 0.006297508 -0.12185646 -0.55518156 -0.56663156 0.5383615 0.7318924 0.5390879 -0.040117577 -0.5977353 -0.5620053 -0.7366399 -0.4511364 -0.07173066 -0.3618663 -0.7488341 -0.61712885 -0.6157202 -0.67866504 -0.7253749 -0.74709606 -0.6906544 -0.7716779 -0.25036678 -0.802841 -0.60207117 -0.72256476 -0.58435893 -0.70231515 -0.70663625 -0.68282145 -0.72398025 -0.6905836 -0.48247987 -0.31250483 -0.66481924 -0.3939414 -0.6244837 0.22967856 0.6542309 0.5179839 -0.5228487 -0.62578636 -0.6427199 -0.023519292 -0.120937355 0.4273064 0.7048919 0.20252627 0.5278413 0.524936 -0.0924828 0.090774395 -0.19864765 -0.06847747 
NaN NaN NaN NaN NaN NaN NaN NaN NaN NaN NaN NaN NaN NaN NaN NaN NaN NaN NaN NaN 0.8931482 0.6692501 0.70961726 0.8461098 0.79445595 0.9161073 0.92549324 0.8788907 1.0 0.8692979 0.87284154 -0.0759788 0.572044 0.24556898 -0.03589526 0.46102518 0.81293845 0.7966133 0.46478745 0.36614418 -0.500294 -0.5689245 -0.60271543 -0.6064323 -0.5538693 -0.104239084 0.62602895 0.6190497 0.5451176 0.22823824 0.085621215 -0.3465457 -0.34870666 0.5671652 0.6541226 0.60676676 0.14254902 -0.42306173 -0.46929058 -0.6593783 -0.35095757 -0.03469837 -0.25356543 -0.71547747 -0.6817799 -0.6823578 -0.7320483 -0.77690095 -0.767719 -0.685908 -0.7917736 -0.2901982 -0.7781615 -0.6014567 -0.7674495 -0.66253877 -0.7729391 -0.76810616 -0.7232477 -0.7192747 -0.659761 -0.45359433 -0.33064106 -0.5984766 -0.3800573 -0.52496064 0.30139565 0.539345 0.46640837 -0.40137202 -0.6225507 -0.6082089 -0.013738434 -0.030184787 0.40038717 0.5897407 0.19400051 0.44286728 0.46458974 -0.0077118077 0.09975642 -0.12956457 -0.036609422 
NaN NaN NaN NaN NaN NaN NaN NaN NaN NaN NaN NaN NaN NaN NaN NaN NaN NaN NaN NaN 0.7967965 0.74781966 0.83565634 0.7902924 0.6132194 0.79552305 0.7427723 0.6590912 0.8692979 1.0 0.93562514 0.19508122 0.8282608 0.6115542 0.2745309 0.66410893 0.76646334 0.695207 0.6379939 0.6811106 -0.35446888 -0.5162529 -0.528538 -0.5323381 -0.39419255 0.115867294 0.4182372 0.40158674 0.5357437 0.32447517 0.19933225 -0.07792931 -0.17270714 0.6354607 0.4330826 0.530852 0.36193115 -0.10497852 -0.1268335 -0.5106139 0.028218506 0.29311508 0.103372954 -0.5016159 -0.6862616 -0.6692033 -0.6504702 -0.6490285 -0.597704 -0.40474924 -0.56583434 0.026440356 -0.61274576 -0.2881707 -0.65274066 -0.6774062 -0.67164975 -0.6738159 -0.6335659 -0.489166 -0.3928907 -0.15184459 -0.10339783 -0.39054924 -0.13398574 -0.41691208 0.35330105 0.3175769 0.37685147 -0.23777924 -0.565188 -0.53542286 0.15654135 0.055120327 0.3279555 0.3340389 -0.024882173 0.17855245 0.2245586 -0.04661604 -0.051002447 -0.20017897 -0.14858894 
NaN NaN NaN NaN NaN NaN NaN NaN NaN NaN NaN NaN NaN NaN NaN NaN NaN NaN NaN NaN 0.8494011 0.6856985 0.70073205 0.800062 0.757687 0.8364837 0.8335523 0.78850955 0.87284154 0.93562514 1.0 -0.022707451 0.8189499 0.5208562 0.08722028 0.5511828 0.8744457 0.79895437 0.5393523 0.6328047 -0.48822412 -0.5683462 -0.57461154 -0.5832063 -0.51070076 -0.10402231 0.5622467 0.55867505 0.48894587 0.17352211 0.03519242 -0.28053772 -0.38142514 0.68100333 0.56897545 0.5432773 0.23177159 -0.28389728 -0.22823362 -0.64950174 -0.06730864 0.2923091 0.012557818 -0.6102954 -0.7246256 -0.7068377 -0.69800836 -0.6971584 -0.6677374 -0.46277663 -0.63029915 0.03528709 -0.73948866 -0.35306215 -0.7183171 -0.71593285 -0.7287053 -0.7360221 -0.70803 -0.5894884 -0.5177765 -0.24601606 -0.16615145 -0.5646992 -0.24725156 -0.6062952 0.28195697 0.43150628 0.43558273 -0.43919384 -0.69439125 -0.6871139 0.10619107 -0.07433947 0.35635668 0.44322285 -0.047512535 0.30332872 0.3481181 -0.11841213 -0.04502846 -0.28410605 -0.17271559 
NaN NaN NaN NaN NaN NaN NaN NaN NaN NaN NaN NaN NaN NaN NaN NaN NaN NaN NaN NaN -0.1712925 0.13846445 0.37805745 -0.00926593 -0.38980898 -0.13645363 -0.284992 -0.39204636 -0.0759788 0.19508122 -0.022707451 1.0 0.34792182 0.6362881 0.94758964 0.5279272 -0.24959609 -0.27944383 0.41261044 0.38116822 0.7618861 0.5173017 0.48451358 0.4905469 0.7038992 0.76565766 -0.5553875 -0.58557343 -0.120269716 0.25900668 0.44838107 0.7479669 0.7749936 -0.26611418 -0.50365114 -0.2098887 0.341925 0.73663414 0.57439667 0.65216523 0.47718483 0.13622195 0.4116002 0.5670753 0.31682208 0.29815936 0.3633751 0.37778836 0.44420364 0.41508728 0.387196 0.03641573 0.47941017 0.29816025 0.3552807 0.22448759 0.26285967 0.29008603 0.33815652 0.38858658 0.37504503 0.18751572 -0.0520959 0.4002122 0.10360577 0.47787902 -0.18146329 -0.61709166 -0.5080189 0.3303992 0.3393353 0.336361 -0.18829317 -0.018868873 -0.46045876 -0.61647326 -0.37993002 -0.63697445 -0.5994524 -0.15945357 -0.38001794 -0.16005121 -0.3424917 
NaN NaN NaN NaN NaN NaN NaN NaN NaN NaN NaN NaN NaN NaN NaN NaN NaN NaN NaN NaN 0.57962286 0.5701895 0.6762891 0.5754856 0.38799462 0.5290157 0.4651318 0.385456 0.572044 0.8282608 0.8189499 0.34792182 1.0 0.87413096 0.5163772 0.7004014 0.64263475 0.53569794 0.6421886 0.86579937 -0.14651945 -0.33107355 -0.31740567 -0.3289556 -0.15196829 0.25163233 0.2421682 0.22024938 0.37465557 0.24356952 0.17599826 0.109480046 -0.054402206 0.5804918 0.24215744 0.37303308 0.43441695 0.14703856 0.20782906 -0.30349997 0.3618372 0.5627594 0.41907787 -0.22773793 -0.58000296 -0.54908866 -0.455288 -0.408872 -0.33370036 -0.05838766 -0.2650433 0.28665748 -0.4249433 -0.012083396 -0.4683938 -0.61427516 -0.51271725 -0.519875 -0.48420516 -0.2439777 -0.18063182 0.025641344 -0.013810521 -0.2938196 -0.060362425 -0.39582637 0.19697395 0.11237174 0.21973872 -0.22156008 -0.5259375 -0.51702243 0.14213765 -0.024113934 0.1593046 0.079798214 -0.25194994 8.6030946E-4 0.074086085 -0.077151105 -0.11327596 -0.20312402 -0.1488072 
NaN NaN NaN NaN NaN NaN NaN NaN NaN NaN NaN NaN NaN NaN NaN NaN NaN NaN NaN NaN 0.20125647 0.36067948 0.51475555 0.2391636 -0.009702492 0.16401793 0.090866335 0.0039601647 0.24556898 0.6115542 0.5208562 0.6362881 0.87413096 1.0 0.78093606 0.6865889 0.29389456 0.16744614 0.5565592 0.8404329 0.20633315 -0.01054422 0.017415063 0.0075280643 0.21524678 0.43890393 -0.15240936 -0.17731981 0.10956026 0.1790474 0.20987386 0.40782207 0.23112023 0.2962705 -0.15868703 0.056605563 0.43807134 0.47388744 0.5413854 0.084590554 0.63336664 0.6213433 0.6360024 0.1813629 -0.27334905 -0.22932068 -0.088119246 -0.01417126 0.07901717 0.33193538 0.13935348 0.4611344 0.0013554968 0.35111895 -0.075685576 -0.31770614 -0.13346909 -0.13835143 -0.10574616 0.16246428 0.20769121 0.3024616 0.15305185 0.069465876 0.16626151 -0.08301762 0.03264401 -0.23709694 -0.08484389 0.025156334 -0.19675632 -0.19168237 0.14168562 1.7175585E-4 -0.08596743 -0.28324988 -0.41934127 -0.3175759 -0.24316134 -0.12750868 -0.2589227 -0.2099223 -0.2524113 
NaN NaN NaN NaN NaN NaN NaN NaN NaN NaN NaN NaN NaN NaN NaN NaN NaN NaN NaN NaN -0.11378256 0.15429603 0.39529052 0.014513994 -0.34389555 -0.10605065 -0.23918012 -0.34140277 -0.03589526 0.2745309 0.08722028 0.94758964 0.5163772 0.78093606 1.0 0.6538958 -0.096321814 -0.17225313 0.49322116 0.5406566 0.67031336 0.40944123 0.38389376 0.38593006 0.6166437 0.748204 -0.4787301 -0.5144369 -0.06381073 0.2614193 0.42587125 0.70463204 0.66902906 -0.12764624 -0.45490557 -0.14730483 0.3933909 0.7067904 0.58796936 0.5410432 0.5384357 0.27006063 0.50295645 0.49442694 0.17580995 0.17319699 0.2567281 0.28645086 0.36141545 0.40513527 0.32657 0.1372833 0.38422906 0.3115903 0.25306797 0.09183264 0.17212498 0.19216464 0.24153368 0.35374546 0.35540485 0.23027737 -0.004390312 0.35451263 0.138346 0.3846196 -0.09579661 -0.54853857 -0.41711462 0.2901242 0.22589852 0.2331744 -0.10451711 0.028199824 -0.3509216 -0.5483333 -0.35882446 -0.56524235 -0.5155704 -0.07180055 -0.2983394 -0.09775406 -0.2703328 
NaN NaN NaN NaN NaN NaN NaN NaN NaN NaN NaN NaN NaN NaN NaN NaN NaN NaN NaN NaN 0.39370108 0.51851416 0.6447513 0.4624989 0.19172075 0.42422804 0.29515514 0.20311831 0.46102518 0.66410893 0.5511828 0.5279272 0.7004014 0.6865889 0.6538958 1.0 0.55550003 0.3895837 0.6928929 0.6122869 0.03715105 -0.23096628 -0.26523423 -0.2611493 -0.055934083 0.44138032 0.04714292 0.015365457 0.39734182 0.46396124 0.42213503 0.22482699 0.208812 0.33977044 0.11565779 0.3718053 0.47707587 0.21869336 0.059156146 -0.11388129 0.12589835 0.17879362 0.17340033 -0.2072086 -0.3968876 -0.4167896 -0.38963827 -0.36307713 -0.30738693 -0.19231048 -0.30679226 -0.031739913 -0.2377849 -0.16288255 -0.39555174 -0.43697286 -0.40573928 -0.37798887 -0.3660421 -0.23740667 -0.14123234 -0.019633528 -0.0725732 -0.09736259 -0.017438266 -0.02552336 0.30682808 0.00243486 0.11632871 0.05773499 -0.25881004 -0.20254336 0.06336764 0.16130719 0.16359763 0.04557853 0.098861896 -0.027122093 -0.025120914 0.13145703 -0.06657617 -0.07452283 -0.17325966 
NaN NaN NaN NaN NaN NaN NaN NaN NaN NaN NaN NaN NaN NaN NaN NaN NaN NaN NaN NaN 0.81476456 0.5692185 0.5344378 0.7403069 0.78970337 0.8064086 0.8173933 0.8094539 0.81293845 0.76646334 0.8744457 -0.24959609 0.64263475 0.29389456 -0.096321814 0.55550003 1.0 0.92361116 0.55365294 0.5069858 -0.61446047 -0.67467505 -0.69129014 -0.70023644 -0.66506076 -0.21254042 0.68230397 0.6786783 0.5500961 0.20745383 0.008633572 -0.45559162 -0.5017212 0.68191886 0.7130788 0.6713102 0.20763834 -0.4510064 -0.4428133 -0.76152104 -0.28301904 0.124696165 -0.18314433 -0.7744783 -0.7691853 -0.7687835 -0.79761314 -0.8001554 -0.7958964 -0.63907707 -0.7759868 -0.13111687 -0.831584 -0.5389774 -0.82988745 -0.7519808 -0.801693 -0.7988957 -0.793949 -0.73147815 -0.64709204 -0.35088956 -0.20890264 -0.6459385 -0.30627623 -0.6307782 0.35834825 0.57678205 0.54815984 -0.44327387 -0.7201175 -0.70114625 0.09239245 -0.016833464 0.4849262 0.61677676 0.24877004 0.538685 0.5485214 0.09177664 0.16749717 -0.11451923 -0.024783766 
NaN NaN NaN NaN NaN NaN NaN NaN NaN NaN NaN NaN NaN NaN NaN NaN NaN NaN NaN NaN 0.81970555 0.5087788 0.5258275 0.7522922 0.7850442 0.79243386 0.795461 0.7914259 0.7966133 0.695207 0.79895437 -0.27944383 0.53569794 0.16744614 -0.17225313 0.3895837 0.92361116 1.0 0.6446818 0.4979606 -0.5864448 -0.65463585 -0.68476653 -0.6910652 -0.64495194 -0.1546376 0.7532133 0.7522955 0.62362087 0.28894296 0.07489055 -0.4257998 -0.46352664 0.6813753 0.78405297 0.74288076 0.2581279 -0.4497686 -0.47161046 -0.745933 -0.33178496 0.06547367 -0.22099733 -0.78948724 -0.76317555 -0.7697586 -0.8133504 -0.8283127 -0.8244807 -0.694365 -0.8181951 -0.20779954 -0.8349297 -0.59956104 -0.8470053 -0.75140417 -0.81994784 -0.8244975 -0.81048936 -0.7765238 -0.6955729 -0.41055837 -0.2538146 -0.64407885 -0.335781 -0.6029988 0.37882408 0.62887657 0.5779428 -0.42878813 -0.7015162 -0.68190587 0.06903957 -0.0076310835 0.49370658 0.65982735 0.29420364 0.5984026 0.6189376 0.1519273 0.2742618 -0.025961002 0.07378514 
NaN NaN NaN NaN NaN NaN NaN NaN NaN NaN NaN NaN NaN NaN NaN NaN NaN NaN NaN NaN 0.46091267 0.4959697 0.65153706 0.49343404 0.21555354 0.41975757 0.30013636 0.219528 0.46478745 0.6379939 0.5393523 0.41261044 0.6421886 0.5565592 0.49322116 0.6928929 0.55365294 0.6446818 1.0 0.79226524 0.02142493 -0.26763695 -0.31593192 -0.31037197 -0.08054878 0.53439516 0.21123822 0.19151598 0.6021463 0.6575127 0.5307869 0.25757733 0.23667108 0.4845283 0.27834687 0.58078253 0.6534375 0.24890693 0.08024149 -0.15533659 0.15439805 0.2560163 0.2054804 -0.2634873 -0.47726363 -0.5057983 -0.48485777 -0.46567342 -0.4046773 -0.2714991 -0.38426554 -0.07739928 -0.33259463 -0.23934358 -0.49398977 -0.53519523 -0.53107053 -0.51998633 -0.48943046 -0.36960366 -0.26859453 -0.09871733 -0.12772769 -0.18767245 -0.10495752 -0.109162085 0.3455147 0.050000638 0.17465098 -0.0047446247 -0.3567405 -0.29170692 0.057072945 0.1275134 0.17009868 0.080679946 0.07860138 0.05332013 0.10054548 0.24010803 0.08255724 0.04938658 -0.010555109 
NaN NaN NaN NaN NaN NaN NaN NaN NaN NaN NaN NaN NaN NaN NaN NaN NaN NaN NaN NaN 0.39771986 0.41256997 0.5570835 0.37616712 0.1693311 0.30118024 0.24162199 0.17226547 0.36614418 0.6811106 0.6328047 0.38116822 0.86579937 0.8404329 0.5406566 0.6122869 0.5069858 0.4979606 0.79226524 1.0 -0.016549919 -0.25538036 -0.24186514 -0.24921407 -0.020309808 0.42815456 0.16733064 0.15037733 0.43456885 0.4204771 0.33557662 0.30946767 0.101563886 0.5886928 0.16702157 0.40165818 0.62998754 0.3587992 0.39937907 -0.15849379 0.549674 0.6908448 0.5937536 -0.0823876 -0.53184944 -0.5020587 -0.3785028 -0.3054383 -0.21453787 0.08439156 -0.12853391 0.39718556 -0.27935842 0.14689443 -0.37868446 -0.58616567 -0.42638737 -0.44232342 -0.4217417 -0.1385491 -0.052990355 0.16573118 0.09259848 -0.14070569 0.074890025 -0.2773234 0.22317018 -0.0046077347 0.15293112 -0.08378295 -0.4401326 -0.40334255 0.21772115 0.056784026 0.12530707 -0.033539914 -0.2444354 -0.062270116 0.021148115 0.063091755 -0.031129463 -0.06318269 -0.06158251 
NaN NaN NaN NaN NaN NaN NaN NaN NaN NaN NaN NaN NaN NaN NaN NaN NaN NaN NaN NaN -0.5306833 -0.28813624 -0.13167758 -0.40965566 -0.6092309 -0.5183583 -0.5866313 -0.6237571 -0.500294 -0.35446888 -0.48822412 0.7618861 -0.14651945 0.20633315 0.67031336 0.03715105 -0.61446047 -0.5864448 0.02142493 -0.016549919 1.0 0.9139805 0.87871945 0.8823818 0.96416724 0.6548875 -0.6741081 -0.68693393 -0.40072817 0.056322295 0.34004927 0.75113827 0.8319854 -0.5559225 -0.6235181 -0.44747767 0.084858246 0.7114101 0.5999645 0.8937125 0.4102569 -0.031048674 0.30260605 0.82360184 0.7253631 0.6973052 0.7310163 0.70754826 0.7266647 0.56542057 0.6281581 -0.052085463 0.70482326 0.3503744 0.6878405 0.6053278 0.56967497 0.59749866 0.6434289 0.5324479 0.43372694 0.10011317 -0.15241961 0.4375036 -0.006115232 0.54926264 -0.4570715 -0.74400485 -0.7315506 0.22427367 0.52691156 0.49206933 -0.40694788 -0.2245327 -0.6811881 -0.74885255 -0.46039656 -0.69563895 -0.67284584 -0.24304438 -0.40467632 -0.1358768 -0.31920552 
NaN NaN NaN NaN NaN NaN NaN NaN NaN NaN NaN NaN NaN NaN NaN NaN NaN NaN NaN NaN -0.58652544 -0.4025421 -0.35204163 -0.50716287 -0.55993456 -0.5661119 -0.5763533 -0.57253045 -0.5689245 -0.5162529 -0.5683462 0.5173017 -0.33107355 -0.01054422 0.40944123 -0.23096628 -0.67467505 -0.65463585 -0.26763695 -0.25538036 0.9139805 1.0 0.9844118 0.98243105 0.92335576 0.35608932 -0.6415911 -0.6447348 -0.60814095 -0.22558257 0.07708303 0.5299908 0.6205554 -0.67007756 -0.60978585 -0.60065544 -0.20103547 0.49923956 0.4791674 0.83718836 0.273933 -0.13268316 0.1551322 0.8233967 0.8582222 0.85287577 0.86053556 0.8102879 0.792593 0.57544863 0.66672295 -0.07432131 0.70144016 0.33849415 0.79514015 0.7642093 0.6969349 0.71663976 0.7528597 0.54777735 0.39089128 0.021390036 -0.18782651 0.3623768 -0.08396231 0.43521154 -0.63162667 -0.6980365 -0.7675853 0.066220485 0.55403125 0.46975827 -0.5131337 -0.40763307 -0.75499797 -0.71607864 -0.51935446 -0.64156514 -0.63236785 -0.3966939 -0.4681147 -0.2407454 -0.36843726 
NaN NaN NaN NaN NaN NaN NaN NaN NaN NaN NaN NaN NaN NaN NaN NaN NaN NaN NaN NaN -0.6167103 -0.41021618 -0.38979188 -0.5490665 -0.58134925 -0.5978146 -0.60144305 -0.5942842 -0.60271543 -0.528538 -0.57461154 0.48451358 -0.31740567 0.017415063 0.38389376 -0.26523423 -0.69129014 -0.68476653 -0.31593192 -0.24186514 0.87871945 0.9844118 1.0 0.9946845 0.9163032 0.31382987 -0.6592498 -0.6607904 -0.6434275 -0.2727771 0.017290428 0.5189833 0.5748714 -0.6590118 -0.6303142 -0.63777876 -0.20623271 0.5117804 0.5322745 0.83050853 0.34565434 -0.05168192 0.22753982 0.8556532 0.8469775 0.86251104 0.8963304 0.86194074 0.8446284 0.6546723 0.73189765 0.018402224 0.7192761 0.4202695 0.8206905 0.7563882 0.7335824 0.74828696 0.76971996 0.586021 0.42381454 0.07190498 -0.13652797 0.36361527 -0.053072747 0.383458 -0.6768786 -0.7129157 -0.7728195 0.050298776 0.5332973 0.43542075 -0.4846201 -0.43710336 -0.77058285 -0.7398073 -0.5711171 -0.65984637 -0.6493299 -0.44144514 -0.5022795 -0.27426553 -0.3818318 
NaN NaN NaN NaN NaN NaN NaN NaN NaN NaN NaN NaN NaN NaN NaN NaN NaN NaN NaN NaN -0.6167284 -0.40837207 -0.38257796 -0.547004 -0.5870953 -0.59819555 -0.6059661 -0.60087085 -0.6064323 -0.5323381 -0.5832063 0.4905469 -0.3289556 0.0075280643 0.38593006 -0.2611493 -0.70023644 -0.6910652 -0.31037197 -0.24921407 0.8823818 0.98243105 0.9946845 1.0 0.92498225 0.34048957 -0.6602125 -0.6626363 -0.6309571 -0.24873722 0.040722292 0.5341744 0.59916097 -0.65890473 -0.6302395 -0.6286367 -0.18896575 0.52451617 0.5342646 0.8409069 0.3395997 -0.06396787 0.22110642 0.8568876 0.8553211 0.8649674 0.8935237 0.85895014 0.84158105 0.64594185 0.7260667 0.010711081 0.72849584 0.41460955 0.82168883 0.7643231 0.73390144 0.74904114 0.77114344 0.5840311 0.42500034 0.07244214 -0.13921677 0.3718459 -0.051290095 0.40046397 -0.66703707 -0.7178365 -0.77439034 0.06417151 0.5441173 0.45497528 -0.48077217 -0.4217407 -0.76933825 -0.7416107 -0.5614191 -0.66584325 -0.65713435 -0.43356523 -0.5017608 -0.27030104 -0.38258445 
NaN NaN NaN NaN NaN NaN NaN NaN NaN NaN NaN NaN NaN NaN NaN NaN NaN NaN NaN NaN -0.56838524 -0.33842665 -0.20739724 -0.47279182 -0.63156927 -0.56813926 -0.6164278 -0.64396983 -0.5538693 -0.39419255 -0.51070076 0.7038992 -0.15196829 0.21524678 0.6166437 -0.055934083 -0.66506076 -0.64495194 -0.08054878 -0.020309808 0.96416724 0.92335576 0.9163032 0.92498225 1.0 0.61331487 -0.6709345 -0.6821975 -0.4549949 -0.012228427 0.27554086 0.76017267 0.7839478 -0.5395498 -0.63240755 -0.49730676 0.079329304 0.73457277 0.6867623 0.89913183 0.5061656 0.07462487 0.39961565 0.88362175 0.73312443 0.7259994 0.7904523 0.7844847 0.80266505 0.67113507 0.7131559 0.080464005 0.73308206 0.460696 0.73641735 0.61189044 0.6277074 0.64508146 0.67427886 0.59051985 0.47506374 0.15270251 -0.111897744 0.43650377 0.02924611 0.47373196 -0.5415905 -0.7533775 -0.74146545 0.2024263 0.52020395 0.46837923 -0.37066543 -0.2648039 -0.7050882 -0.7685955 -0.53142285 -0.7096741 -0.68222827 -0.30030766 -0.4267226 -0.15931968 -0.3132604 
NaN NaN NaN NaN NaN NaN NaN NaN NaN NaN NaN NaN NaN NaN NaN NaN NaN NaN NaN NaN -0.10505434 0.08689666 0.35457402 0.0017818585 -0.3877931 -0.1581149 -0.30114257 -0.40015516 -0.104239084 0.115867294 -0.10402231 0.76565766 0.25163233 0.43890393 0.748204 0.44138032 -0.21254042 -0.1546376 0.53439516 0.42815456 0.6548875 0.35608932 0.31382987 0.34048957 0.61331487 1.0 -0.27119333 -0.3133823 0.2712431 0.63975674 0.75231457 0.8430182 0.83876264 0.02813482 -0.23702836 0.155007 0.64202815 0.75618815 0.5262768 0.5382522 0.46578613 0.21006115 0.45504433 0.4124547 0.122778215 0.08440757 0.13883997 0.14787492 0.20802833 0.22635767 0.19279924 -0.027634585 0.29676822 0.13406967 0.12322637 0.0021679134 0.007466614 0.02921433 0.08130397 0.14966455 0.16678305 0.06881521 -0.1472753 0.23893565 0.008528258 0.3600899 0.04414643 -0.44637495 -0.2926618 0.31837115 0.14898254 0.20995617 -0.06719375 0.16274586 -0.20729099 -0.40600544 -0.14362139 -0.41318 -0.3618222 0.17186157 -0.04454541 0.17725775 0.03431204 
NaN NaN NaN NaN NaN NaN NaN NaN NaN NaN NaN NaN NaN NaN NaN NaN NaN NaN NaN NaN 0.70270866 0.26992735 0.29516155 0.61360645 0.7088082 0.5984911 0.6584007 0.67982066 0.62602895 0.4182372 0.5622467 -0.5553875 0.2421682 -0.15240936 -0.4787301 0.04714292 0.68230397 0.7532133 0.21123822 0.16733064 -0.6741081 -0.6415911 -0.6592498 -0.6602125 -0.6709345 -0.27119333 1.0 0.9903717 0.6007629 0.19056888 -0.023963204 -0.49729323 -0.5548781 0.70554566 0.91264266 0.73287576 0.1247888 -0.5806802 -0.5431088 -0.78360623 -0.41046652 0.016481401 -0.27698213 -0.785408 -0.7007894 -0.6983471 -0.75707924 -0.7934586 -0.8106714 -0.69916296 -0.7941983 -0.19762214 -0.8345957 -0.5940363 -0.78047574 -0.66690487 -0.7612726 -0.77715665 -0.75523233 -0.75519633 -0.71542513 -0.47162986 -0.29617327 -0.69077575 -0.38476527 -0.6475458 0.32765323 0.7452601 0.64808595 -0.4526938 -0.6606435 -0.6439042 0.10784996 0.03305493 0.5776145 0.7932678 0.37606293 0.75977206 0.7958863 0.23184323 0.49285528 0.16513434 0.33362326 
NaN NaN NaN NaN NaN NaN NaN NaN NaN NaN NaN NaN NaN NaN NaN NaN NaN NaN NaN NaN 0.6967544 0.25749373 0.25793174 0.5906071 0.71120965 0.5934698 0.66442746 0.69088256 0.6190497 0.40158674 0.55867505 -0.58557343 0.22024938 -0.17731981 -0.5144369 0.015365457 0.6786783 0.7522955 0.19151598 0.15037733 -0.68693393 -0.6447348 -0.6607904 -0.6626363 -0.6821975 -0.3133823 0.9903717 1.0 0.6150202 0.19191594 -0.037443437 -0.51198334 -0.5682677 0.70349747 0.9209384 0.73325706 0.118081175 -0.5888296 -0.544624 -0.78776956 -0.41659012 0.016090842 -0.2883166 -0.7891938 -0.694131 -0.6928009 -0.75228083 -0.7872907 -0.80643475 -0.6973795 -0.78924084 -0.19534941 -0.8379219 -0.593964 -0.7777077 -0.6602891 -0.75722307 -0.7730762 -0.7551624 -0.76030385 -0.72260326 -0.47806394 -0.3020012 -0.70445275 -0.39549696 -0.6608331 0.3146411 0.7428648 0.6387855 -0.47453773 -0.66811323 -0.65482306 0.10316494 0.015147514 0.57196283 0.79568315 0.36711228 0.76160574 0.7977166 0.21597102 0.4809707 0.14922065 0.3218059 
NaN NaN NaN NaN NaN NaN NaN NaN NaN NaN NaN NaN NaN NaN NaN NaN NaN NaN NaN NaN 0.59764236 0.40177658 0.52592397 0.5458904 0.3953335 0.50572556 0.45590916 0.40836722 0.5451176 0.5357437 0.48894587 -0.120269716 0.37465557 0.10956026 -0.06381073 0.39734182 0.5500961 0.62362087 0.6021463 0.43456885 -0.40072817 -0.60814095 -0.6434275 -0.6309571 -0.4549949 0.2712431 0.6007629 0.6150202 1.0 0.81998396 0.56324595 0.057544857 -0.012866529 0.78357565 0.6666956 0.88122094 0.67124903 -0.05290677 -0.20598315 -0.4887587 -0.076919384 0.19175948 0.031038294 -0.5925314 -0.7209379 -0.74526536 -0.766747 -0.7714348 -0.73897713 -0.58122724 -0.67738694 -0.15068533 -0.63398355 -0.4651753 -0.7641599 -0.73706055 -0.77897555 -0.78831756 -0.7606001 -0.64763653 -0.5402988 -0.27743295 -0.19982845 -0.4457183 -0.2167994 -0.34225386 0.5749758 0.4549485 0.5590435 -0.071642734 -0.5555293 -0.46246424 0.27949852 0.3556309 0.59088886 0.5231456 0.4136139 0.47305503 0.5161411 0.49612647 0.47766522 0.37261444 0.44343075 
NaN NaN NaN NaN NaN NaN NaN NaN NaN NaN NaN NaN NaN NaN NaN NaN NaN NaN NaN NaN 0.26193196 0.3174228 0.45998847 0.28040412 9.399518E-4 0.19890733 0.08300547 0.006297508 0.22823824 0.32447517 0.17352211 0.25900668 0.24356952 0.1790474 0.2614193 0.46396124 0.20745383 0.28894296 0.6575127 0.4204771 0.056322295 -0.22558257 -0.2727771 -0.24873722 -0.012228427 0.63975674 0.19056888 0.19191594 0.81998396 1.0 0.8576194 0.4937337 0.4635029 0.4885062 0.30412823 0.6660785 0.81541955 0.38579667 0.130399 -0.0018797751 0.15857887 0.16796738 0.18636797 -0.17760862 -0.34541094 -0.39496332 -0.39805967 -0.39324668 -0.3542144 -0.28644964 -0.32740888 -0.16953845 -0.22202517 -0.26464415 -0.4144915 -0.42195326 -0.46293628 -0.4542356 -0.43592966 -0.3519688 -0.27454448 -0.1746497 -0.2280525 -0.16192925 -0.15518144 -0.002899345 0.3567426 -0.0010773607 0.14917731 0.11312097 -0.26453513 -0.1749352 0.07560552 0.261768 0.20671621 0.08303698 0.21409345 0.046232138 0.07705458 0.38421562 0.20550609 0.27559114 0.2303902 
NaN NaN NaN NaN NaN NaN NaN NaN NaN NaN NaN NaN NaN NaN NaN NaN NaN NaN NaN NaN 0.10599582 0.1573444 0.3737965 0.15037462 -0.12827528 0.05721589 -0.049736153 -0.12185646 0.085621215 0.19933225 0.03519242 0.44838107 0.17599826 0.20987386 0.42587125 0.42213503 0.008633572 0.07489055 0.5307869 0.33557662 0.34004927 0.07708303 0.017290428 0.040722292 0.27554086 0.75231457 -0.023963204 -0.037443437 0.56324595 0.8576194 1.0 0.72231454 0.6846242 0.32061142 0.12151375 0.46376517 0.77408034 0.58246666 0.33458617 0.29408187 0.2852358 0.16379692 0.27176937 0.11722509 -0.04824652 -0.09751593 -0.105269834 -0.1263645 -0.09881192 -0.09729023 -0.12799285 -0.17760271 0.02105239 -0.13209651 -0.13318299 -0.1492024 -0.22519568 -0.22105575 -0.16953403 -0.13803609 -0.12400997 -0.16127148 -0.30072322 -0.02858984 -0.17754681 0.16416815 0.19685271 -0.193199 -0.07737602 0.16256353 -0.04633148 0.0038492745 -0.09441033 0.13828962 -0.03252125 -0.14621498 -4.811148E-4 -0.15933013 -0.12173817 0.22629371 0.05355155 0.17546304 0.07632444 
NaN NaN NaN NaN NaN NaN NaN NaN NaN NaN NaN NaN NaN NaN NaN NaN NaN NaN NaN NaN -0.34172833 -0.12680718 0.11533569 -0.25932193 -0.5514165 -0.38589084 -0.48420477 -0.55518156 -0.3465457 -0.07792931 -0.28053772 0.7479669 0.109480046 0.40782207 0.70463204 0.22482699 -0.45559162 -0.4257998 0.25757733 0.30946767 0.75113827 0.5299908 0.5189833 0.5341744 0.76017267 0.8430182 -0.49729323 -0.51198334 0.057544857 0.4937337 0.72231454 1.0 0.9011308 -0.09007382 -0.41689894 -0.08297391 0.58386993 0.9190056 0.772894 0.748782 0.68151736 0.33989078 0.6153736 0.6894968 0.3628329 0.35737526 0.4404491 0.45448178 0.51120746 0.510209 0.48493886 0.16950454 0.55014616 0.4170511 0.42437017 0.25274247 0.31641102 0.30781353 0.3516369 0.42667875 0.38900945 0.20585522 -0.060419023 0.39291134 0.10949961 0.43772775 -0.15133113 -0.6125051 -0.4694292 0.35507625 0.33035985 0.33674368 -0.09894496 0.053568136 -0.39671057 -0.6104905 -0.367431 -0.5907649 -0.5373357 0.0034145217 -0.19892356 0.07158862 -0.08338584 
NaN NaN NaN NaN NaN NaN NaN NaN NaN NaN NaN NaN NaN NaN NaN NaN NaN NaN NaN NaN -0.36811158 -0.096791625 0.1002805 -0.25199592 -0.5617086 -0.37226343 -0.49158326 -0.56663156 -0.34870666 -0.17270714 -0.38142514 0.7749936 -0.054402206 0.23112023 0.66902906 0.208812 -0.5017212 -0.46352664 0.23667108 0.101563886 0.8319854 0.6205554 0.5748714 0.59916097 0.7839478 0.83876264 -0.5548781 -0.5682677 -0.012866529 0.4635029 0.6846242 0.9011308 1.0 -0.29307264 -0.44409442 -0.12869968 0.43341944 0.8243201 0.5890324 0.81379807 0.43305585 0.031083837 0.33897734 0.6505806 0.5083512 0.455897 0.47574642 0.45945835 0.49600065 0.37528437 0.4323528 -0.106988385 0.5805268 0.22565874 0.4588636 0.3951501 0.33102182 0.35792777 0.4101663 0.3641877 0.31751394 0.06387534 -0.18992032 0.37131706 -0.022074908 0.54557383 -0.20638834 -0.65490806 -0.55048317 0.3455333 0.42069325 0.43810567 -0.27324548 -0.0067132195 -0.48047718 -0.6256734 -0.27952093 -0.60959965 -0.58040816 -0.022576157 -0.25246003 0.027843194 -0.16010357 
NaN NaN NaN NaN NaN NaN NaN NaN NaN NaN NaN NaN NaN NaN NaN NaN NaN NaN NaN NaN 0.6654568 0.3970333 0.47442552 0.55709004 0.5346166 0.54024863 0.5569986 0.5383615 0.5671652 0.6354607 0.68100333 -0.26611418 0.5804918 0.2962705 -0.12764624 0.33977044 0.68191886 0.6813753 0.4845283 0.5886928 -0.5559225 -0.67007756 -0.6590118 -0.65890473 -0.5395498 0.02813482 0.70554566 0.70349747 0.78357565 0.4885062 0.32061142 -0.09007382 -0.29307264 1.0 0.7526156 0.7751015 0.57220465 -0.114298746 -0.06375913 -0.61940384 0.12847422 0.5203225 0.2323088 -0.56707346 -0.79639006 -0.77207434 -0.7416266 -0.719201 -0.6856432 -0.41313797 -0.59139544 0.17230056 -0.6975115 -0.2583003 -0.73358923 -0.7836793 -0.73997086 -0.7739235 -0.7456403 -0.5535729 -0.46443358 -0.14647856 -0.068931766 -0.5163807 -0.15399198 -0.5754817 0.46586064 0.50195295 0.58499205 -0.27001774 -0.67510974 -0.6284362 0.30169562 0.15654644 0.5275173 0.49737772 0.13930324 0.46697152 0.5342005 0.27166325 0.3446164 0.15295784 0.28117862 
NaN NaN NaN NaN NaN NaN NaN NaN NaN NaN NaN NaN NaN NaN NaN NaN NaN NaN NaN NaN 0.7313945 0.32192048 0.32644135 0.65014905 0.7524131 0.6676059 0.7066322 0.7318924 0.6541226 0.4330826 0.56897545 -0.50365114 0.24215744 -0.15868703 -0.45490557 0.11565779 0.7130788 0.78405297 0.27834687 0.16702157 -0.6235181 -0.60978585 -0.6303142 -0.6302395 -0.63240755 -0.23702836 0.91264266 0.9209384 0.6666956 0.30412823 0.12151375 -0.41689894 -0.44409442 0.7526156 1.0 0.7987395 0.24424051 -0.48320442 -0.4924516 -0.7146154 -0.38628346 0.014496031 -0.27895632 -0.7636995 -0.6660597 -0.6785234 -0.7393949 -0.7752894 -0.80238837 -0.7249361 -0.8059875 -0.28013209 -0.83996946 -0.6548255 -0.7915974 -0.66030496 -0.78451556 -0.79778135 -0.77749854 -0.8047878 -0.7761688 -0.5532506 -0.40396643 -0.754744 -0.48270848 -0.6656454 0.27704406 0.7066425 0.5884162 -0.52198935 -0.69515663 -0.6958093 -0.032921128 -0.09122494 0.4699494 0.7350457 0.330776 0.7235516 0.74374026 0.15190135 0.38914025 0.06222152 0.2176966 
NaN NaN NaN NaN NaN NaN NaN NaN NaN NaN NaN NaN NaN NaN NaN NaN NaN NaN NaN NaN 0.68315506 0.3997144 0.50065964 0.62787247 0.54137105 0.5955251 0.5635029 0.5390879 0.60676676 0.530852 0.5432773 -0.2098887 0.37303308 0.056605563 -0.14730483 0.3718053 0.6713102 0.74288076 0.58078253 0.40165818 -0.44747767 -0.60065544 -0.63777876 -0.6286367 -0.49730676 0.155007 0.73287576 0.73325706 0.88122094 0.6660785 0.46376517 -0.08297391 -0.12869968 0.7751015 0.7987395 1.0 0.6321218 -0.13327743 -0.26286456 -0.5331108 -0.15400109 0.16224857 -0.04783272 -0.6368946 -0.69565254 -0.7190998 -0.75644845 -0.7781783 -0.7698528 -0.65356475 -0.7597326 -0.25305963 -0.7347614 -0.5790374 -0.7981102 -0.7227294 -0.8229836 -0.8304076 -0.7925793 -0.7352364 -0.6534358 -0.42580312 -0.34107655 -0.60191834 -0.3731867 -0.47253662 0.4590752 0.5536108 0.5699442 -0.25710356 -0.62523913 -0.56643206 0.1113818 0.14667292 0.5120325 0.58857787 0.3786463 0.57705224 0.61374557 0.3843081 0.44058427 0.26093325 0.33909842 
NaN NaN NaN NaN NaN NaN NaN NaN NaN NaN NaN NaN NaN NaN NaN NaN NaN NaN NaN NaN 0.22434074 0.2507148 0.4441887 0.22970526 -0.030605776 0.13033834 0.028599814 -0.040117577 0.14254902 0.36193115 0.23177159 0.341925 0.43441695 0.43807134 0.3933909 0.47707587 0.20763834 0.2581279 0.6534375 0.62998754 0.084858246 -0.20103547 -0.20623271 -0.18896575 0.079329304 0.64202815 0.1247888 0.118081175 0.67124903 0.81541955 0.77408034 0.58386993 0.43341944 0.57220465 0.24424051 0.6321218 1.0 0.60843223 0.44589633 0.09063916 0.50778127 0.5280094 0.5283272 0.012585984 -0.34277952 -0.3527669 -0.28266966 -0.2379782 -0.18127324 -0.0072369957 -0.14386204 0.12965488 -0.1321335 0.009625451 -0.3084716 -0.42867348 -0.34693947 -0.36382833 -0.34722927 -0.15464741 -0.07963458 0.029154517 -0.08595342 -0.07130728 0.00437555 -0.047616325 0.27786207 -0.056041516 0.115954965 0.13812333 -0.229619 -0.17718557 0.17234677 0.2033533 0.13311951 -0.029991785 -0.031096444 -0.05602635 0.0068459464 0.28485262 0.14860174 0.20827983 0.1662923 
NaN NaN NaN NaN NaN NaN NaN NaN NaN NaN NaN NaN NaN NaN NaN NaN NaN NaN NaN NaN -0.39531934 -0.114943646 0.057976563 -0.32359293 -0.58714604 -0.43509135 -0.53296375 -0.5977353 -0.42306173 -0.10497852 -0.28389728 0.73663414 0.14703856 0.47388744 0.7067904 0.21869336 -0.4510064 -0.4497686 0.24890693 0.3587992 0.7114101 0.49923956 0.5117804 0.52451617 0.73457277 0.75618815 -0.5806802 -0.5888296 -0.05290677 0.38579667 0.58246666 0.9190056 0.8243201 -0.114298746 -0.48320442 -0.13327743 0.60843223 1.0 0.8778733 0.7710124 0.7945717 0.45149732 0.6927844 0.7440091 0.38372946 0.38257474 0.49580982 0.5447102 0.59860665 0.64515054 0.59079516 0.2691975 0.58842653 0.50748795 0.46746913 0.2676911 0.38097414 0.3765356 0.3971694 0.51489633 0.48711526 0.31542903 0.04227673 0.4361492 0.1830046 0.42759183 -0.22296512 -0.6906942 -0.53119713 0.34868723 0.34392154 0.34052572 -0.097678326 -0.023340844 -0.48768514 -0.70459133 -0.48143363 -0.6814767 -0.6289686 -0.09046224 -0.30827132 -0.03192697 -0.18915763 
NaN NaN NaN NaN NaN NaN NaN NaN NaN NaN NaN NaN NaN NaN NaN NaN NaN NaN NaN NaN -0.42545658 -0.20260124 -0.0933279 -0.40896475 -0.558691 -0.5000315 -0.5288355 -0.5620053 -0.46929058 -0.1268335 -0.22823362 0.57439667 0.20782906 0.5413854 0.58796936 0.059156146 -0.4428133 -0.47161046 0.08024149 0.39937907 0.5999645 0.4791674 0.5322745 0.5342646 0.6867623 0.5262768 -0.5431088 -0.544624 -0.20598315 0.130399 0.33458617 0.772894 0.5890324 -0.06375913 -0.4924516 -0.26286456 0.44589633 0.8778733 1.0 0.6804568 0.9103346 0.6557364 0.8322171 0.775815 0.3365603 0.37304926 0.53569794 0.6148641 0.67544335 0.81153905 0.7106453 0.5416702 0.57440317 0.7095318 0.5203809 0.24489132 0.44023186 0.42267716 0.43284756 0.6191624 0.5745076 0.45620367 0.19863217 0.40031222 0.2568525 0.24140164 -0.3262166 -0.6424543 -0.49335137 0.2258416 0.2635516 0.23670614 -0.0061406107 -0.1189008 -0.48816833 -0.70426804 -0.6373701 -0.6541164 -0.5850073 -0.20926961 -0.35549837 -0.120543726 -0.21003251 
NaN NaN NaN NaN NaN NaN NaN NaN NaN NaN NaN NaN NaN NaN NaN NaN NaN NaN NaN NaN -0.67586726 -0.38443938 -0.28526905 -0.57683986 -0.72650206 -0.65302104 -0.71102005 -0.7366399 -0.6593783 -0.5106139 -0.64950174 0.65216523 -0.30349997 0.084590554 0.5410432 -0.11388129 -0.76152104 -0.745933 -0.15533659 -0.15849379 0.8937125 0.83718836 0.83050853 0.8409069 0.89913183 0.5382522 -0.78360623 -0.78776956 -0.4887587 -0.0018797751 0.29408187 0.748782 0.81379807 -0.61940384 -0.7146154 -0.5331108 0.09063916 0.7710124 0.6804568 1.0 0.490992 0.01179573 0.35495532 0.9153198 0.83316636 0.8155654 0.8525766 0.8452179 0.85315406 0.6859577 0.76124483 0.020178055 0.8496041 0.46898642 0.81714004 0.74042237 0.73614585 0.7455679 0.76779574 0.6739419 0.564402 0.20575377 -0.041402392 0.56697553 0.10870483 0.6492053 -0.4872643 -0.81770194 -0.78142756 0.3532962 0.68460375 0.6373309 -0.35767105 -0.17971937 -0.72130555 -0.8204954 -0.47243688 -0.76244545 -0.7524452 -0.24145581 -0.41448343 -0.10435392 -0.2954262 
NaN NaN NaN NaN NaN NaN NaN NaN NaN NaN NaN NaN NaN NaN NaN NaN NaN NaN NaN NaN -0.3068844 -0.12895122 0.0033795857 -0.31283525 -0.45215303 -0.3883351 -0.41380662 -0.4511364 -0.35095757 0.028218506 -0.06730864 0.47718483 0.3618372 0.63336664 0.5384357 0.12589835 -0.28301904 -0.33178496 0.15439805 0.549674 0.4102569 0.273933 0.34565434 0.3395997 0.5061656 0.46578613 -0.41046652 -0.41659012 -0.076919384 0.15857887 0.2852358 0.68151736 0.43305585 0.12847422 -0.38628346 -0.15400109 0.50778127 0.7945717 0.9103346 0.490992 1.0 0.7981687 0.8964965 0.6347359 0.106708504 0.16568601 0.3579391 0.45623258 0.5328164 0.76731056 0.6065109 0.674269 0.3981394 0.7092026 0.34542015 0.025909638 0.2772421 0.24713287 0.2531906 0.53074783 0.5222825 0.5107168 0.31159285 0.32040134 0.31582683 0.09574851 -0.18749829 -0.4892883 -0.29903394 0.21153514 0.1023255 0.089717284 0.1825061 -0.005303395 -0.29529652 -0.55724794 -0.57230556 -0.52847016 -0.45379546 -0.13094975 -0.2583704 -0.062016718 -0.10584081 
NaN NaN NaN NaN NaN NaN NaN NaN NaN NaN NaN NaN NaN NaN NaN NaN NaN NaN NaN NaN 0.049723167 0.05476633 0.12611248 -0.026477223 -0.073914446 -0.07069666 -0.0531497 -0.07173066 -0.03469837 0.29311508 0.2923091 0.13622195 0.5627594 0.6213433 0.27006063 0.17879362 0.124696165 0.06547367 0.2560163 0.6908448 -0.031048674 -0.13268316 -0.05168192 -0.06396787 0.07462487 0.21006115 0.016481401 0.016090842 0.19175948 0.16796738 0.16379692 0.33989078 0.031083837 0.5203225 0.014496031 0.16224857 0.5280094 0.45149732 0.6557364 0.01179573 0.7981687 1.0 0.9027226 0.23945892 -0.2966474 -0.22182032 -0.04396094 0.05236516 0.11806456 0.4521108 0.22821847 0.6516348 -0.05256994 0.45335895 -0.07207676 -0.35126856 -0.114479534 -0.15614513 -0.15648396 0.15613113 0.17901161 0.34486273 0.2725412 -0.031846005 0.2026319 -0.28569272 0.022307431 -0.111261144 0.05639505 -0.03598325 -0.27549404 -0.27887568 0.30696657 0.0021572227 0.025941025 -0.18571356 -0.41591382 -0.15853684 -0.07187042 -0.036361627 -0.076659665 -0.04839047 0.014677542 
NaN NaN NaN NaN NaN NaN NaN NaN NaN NaN NaN NaN NaN NaN NaN NaN NaN NaN NaN NaN -0.20303276 -0.1088182 0.057024095 -0.22259918 -0.36476448 -0.3026416 -0.3242338 -0.3618663 -0.25356543 0.103372954 0.012557818 0.4116002 0.41907787 0.6360024 0.50295645 0.17340033 -0.18314433 -0.22099733 0.2054804 0.5937536 0.30260605 0.1551322 0.22753982 0.22110642 0.39961565 0.45504433 -0.27698213 -0.2883166 0.031038294 0.18636797 0.27176937 0.6153736 0.33897734 0.2323088 -0.27895632 -0.04783272 0.5283272 0.6927844 0.8322171 0.35495532 0.8964965 0.9027226 1.0 0.55039155 -0.02193223 0.04993907 0.23887715 0.33162427 0.40638748 0.6624551 0.47916177 0.6394052 0.29117295 0.6242136 0.22040008 -0.09395036 0.16353299 0.12783848 0.13169414 0.41700435 0.42405963 0.46887138 0.32232544 0.26487413 0.3325423 0.04535717 -0.06631463 -0.35753453 -0.17987391 0.19896139 0.03009513 0.025264978 0.25389984 0.06782574 -0.1544098 -0.42740217 -0.45048496 -0.3825117 -0.30409208 -0.015222027 -0.12586187 0.035450075 0.010248317 
NaN NaN NaN NaN NaN NaN NaN NaN NaN NaN NaN NaN NaN NaN NaN NaN NaN NaN NaN NaN -0.72218484 -0.46439382 -0.37220278 -0.6565056 -0.74570316 -0.7243176 -0.7415997 -0.7488341 -0.71547747 -0.5016159 -0.6102954 0.5670753 -0.22773793 0.1813629 0.49442694 -0.2072086 -0.7744783 -0.78948724 -0.2634873 -0.0823876 0.82360184 0.8233967 0.8556532 0.8568876 0.88362175 0.4124547 -0.785408 -0.7891938 -0.5925314 -0.17760862 0.11722509 0.6894968 0.6505806 -0.56707346 -0.7636995 -0.6368946 0.012585984 0.7440091 0.775815 0.9153198 0.6347359 0.23945892 0.55039155 1.0 0.79534566 0.8223552 0.90699387 0.9230419 0.9384218 0.85407823 0.8853962 0.27946988 0.86649936 0.677858 0.8829514 0.7214787 0.80374736 0.7929722 0.8110747 0.79023165 0.6778866 0.37021413 0.13969898 0.5975118 0.23478784 0.5555455 -0.51968974 -0.80071306 -0.7475269 0.33397654 0.6593906 0.5938137 -0.22293295 -0.18845731 -0.6960355 -0.8394061 -0.5823797 -0.76043993 -0.73596877 -0.29355928 -0.42947376 -0.12415578 -0.27723226 
NaN NaN NaN NaN NaN NaN NaN NaN NaN NaN NaN NaN NaN NaN NaN NaN NaN NaN NaN NaN -0.701524 -0.4833748 -0.5131235 -0.6269733 -0.60848826 -0.64695376 -0.64252836 -0.61712885 -0.6817799 -0.6862616 -0.7246256 0.31682208 -0.58000296 -0.27334905 0.17580995 -0.3968876 -0.7691853 -0.76317555 -0.47726363 -0.53184944 0.7253631 0.8582222 0.8469775 0.8553211 0.73312443 0.122778215 -0.7007894 -0.694131 -0.7209379 -0.34541094 -0.04824652 0.3628329 0.5083512 -0.79639006 -0.6660597 -0.69565254 -0.34277952 0.38372946 0.3365603 0.83316636 0.106708504 -0.2966474 -0.02193223 0.79534566 1.0 0.9786138 0.929219 0.8649379 0.82034874 0.5281595 0.6839048 -0.15628275 0.80344886 0.31904927 0.89290464 0.9620065 0.8476257 0.85109216 0.8709946 0.6149936 0.45863718 0.052446038 -0.10628861 0.4751547 -0.005370078 0.5935545 -0.59529173 -0.7060568 -0.78106886 0.19956546 0.75995207 0.6717289 -0.49910384 -0.33566695 -0.7456875 -0.70544684 -0.40489304 -0.625176 -0.6484926 -0.36259374 -0.44013366 -0.20621476 -0.3577137 
NaN NaN NaN NaN NaN NaN NaN NaN NaN NaN NaN NaN NaN NaN NaN NaN NaN NaN NaN NaN -0.7035153 -0.4998701 -0.5197219 -0.6397642 -0.60783273 -0.6555198 -0.64318854 -0.6157202 -0.6823578 -0.6692033 -0.7068377 0.29815936 -0.54908866 -0.22932068 0.17319699 -0.4167896 -0.7687835 -0.7697586 -0.5057983 -0.5020587 0.6973052 0.85287577 0.86251104 0.8649674 0.7259994 0.08440757 -0.6983471 -0.6928009 -0.74526536 -0.39496332 -0.09751593 0.35737526 0.455897 -0.77207434 -0.6785234 -0.7190998 -0.3527669 0.38257474 0.37304926 0.8155654 0.16568601 -0.22182032 0.04993907 0.8223552 0.9786138 1.0 0.9647657 0.90073526 0.85574514 0.5886831 0.7176154 -0.07936641 0.8140168 0.38936976 0.9228066 0.96507865 0.88210964 0.87443584 0.9016597 0.66097564 0.49031898 0.09581476 -0.060569726 0.49378565 0.031554475 0.56337434 -0.61046964 -0.698639 -0.76884866 0.20247643 0.764736 0.657168 -0.4619341 -0.34180906 -0.7391251 -0.7069703 -0.44993684 -0.6276635 -0.6422458 -0.38013902 -0.44151762 -0.20496956 -0.3420944 
NaN NaN NaN NaN NaN NaN NaN NaN NaN NaN NaN NaN NaN NaN NaN NaN NaN NaN NaN NaN -0.7466498 -0.51286757 -0.52896994 -0.69162595 -0.67120844 -0.71355754 -0.70099545 -0.67866504 -0.7320483 -0.6504702 -0.69800836 0.3633751 -0.455288 -0.088119246 0.2567281 -0.38963827 -0.79761314 -0.8133504 -0.48485777 -0.3785028 0.7310163 0.86053556 0.8963304 0.8935237 0.7904523 0.13883997 -0.75707924 -0.75228083 -0.766747 -0.39805967 -0.105269834 0.4404491 0.47574642 -0.7416266 -0.7393949 -0.75644845 -0.28266966 0.49580982 0.53569794 0.8525766 0.3579391 -0.04396094 0.23887715 0.90699387 0.929219 0.9647657 1.0 0.9734581 0.94580007 0.7498326 0.84058803 0.10364065 0.8586199 0.5518008 0.95113856 0.89652294 0.904006 0.89441365 0.90713483 0.75106126 0.5924581 0.232194 0.047548015 0.54224706 0.123523876 0.5316001 -0.64461166 -0.75319207 -0.78747815 0.22742836 0.72758347 0.61999243 -0.3805 -0.33287132 -0.7607185 -0.7765611 -0.5384209 -0.6967234 -0.7030157 -0.41029578 -0.4867216 -0.22664703 -0.35467166 
NaN NaN NaN NaN NaN NaN NaN NaN NaN NaN NaN NaN NaN NaN NaN NaN NaN NaN NaN NaN -0.7897309 -0.5146484 -0.55062264 -0.7375257 -0.714411 -0.755087 -0.746811 -0.7253749 -0.77690095 -0.6490285 -0.6971584 0.37778836 -0.408872 -0.01417126 0.28645086 -0.36307713 -0.8001554 -0.8283127 -0.46567342 -0.3054383 0.70754826 0.8102879 0.86194074 0.85895014 0.7844847 0.14787492 -0.7934586 -0.7872907 -0.7714348 -0.39324668 -0.1263645 0.45448178 0.45945835 -0.719201 -0.7752894 -0.7781783 -0.2379782 0.5447102 0.6148641 0.8452179 0.45623258 0.05236516 0.33162427 0.9230419 0.8649379 0.90073526 0.9734581 1.0 0.9818123 0.83160865 0.8978748 0.23612139 0.87586087 0.65205175 0.93547463 0.8227122 0.9049793 0.90128875 0.8838376 0.80124474 0.668423 0.34537807 0.15411006 0.5801108 0.21769242 0.5102097 -0.6369391 -0.7734219 -0.7765708 0.25534353 0.68880075 0.5928784 -0.29092664 -0.29404628 -0.7400605 -0.80042887 -0.5469244 -0.7202769 -0.7289344 -0.40103438 -0.49549744 -0.23112103 -0.35638413 
NaN NaN NaN NaN NaN NaN NaN NaN NaN NaN NaN NaN NaN NaN NaN NaN NaN NaN NaN NaN -0.78439087 -0.5037542 -0.49947324 -0.728528 -0.7417826 -0.7569137 -0.7585037 -0.74709606 -0.767719 -0.597704 -0.6677374 0.44420364 -0.33370036 0.07901717 0.36141545 -0.30738693 -0.7958964 -0.8244807 -0.4046773 -0.21453787 0.7266647 0.792593 0.8446284 0.84158105 0.80266505 0.20802833 -0.8106714 -0.80643475 -0.73897713 -0.3542144 -0.09881192 0.51120746 0.49600065 -0.6856432 -0.80238837 -0.7698528 -0.18127324 0.59860665 0.67544335 0.85315406 0.5328164 0.11806456 0.40638748 0.9384218 0.82034874 0.85574514 0.94580007 0.9818123 1.0 0.8794252 0.9199847 0.31500247 0.8978226 0.7120415 0.92735696 0.7824132 0.8994465 0.8937726 0.8814124 0.84905523 0.73504674 0.4298406 0.22690132 0.636888 0.29823917 0.54211473 -0.5906509 -0.78629404 -0.7605029 0.32014143 0.6987182 0.6184524 -0.21524271 -0.22467974 -0.71110976 -0.8182684 -0.54651713 -0.7399349 -0.7409857 -0.35840115 -0.4731096 -0.19325534 -0.32762858 
NaN NaN NaN NaN NaN NaN NaN NaN NaN NaN NaN NaN NaN NaN NaN NaN NaN NaN NaN NaN -0.6768514 -0.4391996 -0.40355125 -0.66219836 -0.6860775 -0.70113456 -0.69439787 -0.6906544 -0.685908 -0.40474924 -0.46277663 0.41508728 -0.05838766 0.33193538 0.40513527 -0.19231048 -0.63907707 -0.694365 -0.2714991 0.08439156 0.56542057 0.57544863 0.6546723 0.64594185 0.67113507 0.22635767 -0.69916296 -0.6973795 -0.58122724 -0.28644964 -0.09729023 0.510209 0.37528437 -0.41313797 -0.7249361 -0.65356475 -0.0072369957 0.64515054 0.81153905 0.6859577 0.76731056 0.4521108 0.6624551 0.85407823 0.5281595 0.5886831 0.7498326 0.83160865 0.8794252 1.0 0.898475 0.58101714 0.74975187 0.83979017 0.75299835 0.48877075 0.72517246 0.70850474 0.69041324 0.83243114 0.77299196 0.6166424 0.41878247 0.5925708 0.43841177 0.36679366 -0.4408285 -0.6767317 -0.5660051 0.31927627 0.4863268 0.4382867 0.059116617 -0.09196432 -0.5224289 -0.7322989 -0.5755329 -0.66501343 -0.64075905 -0.2739154 -0.38645768 -0.13458346 -0.22005193 
NaN NaN NaN NaN NaN NaN NaN NaN NaN NaN NaN NaN NaN NaN NaN NaN NaN NaN NaN NaN -0.79347104 -0.47200114 -0.5061327 -0.753016 -0.7660625 -0.78630733 -0.78247607 -0.7716779 -0.7917736 -0.56583434 -0.63029915 0.387196 -0.2650433 0.13935348 0.32657 -0.30679226 -0.7759868 -0.8181951 -0.38426554 -0.12853391 0.6281581 0.66672295 0.73189765 0.7260667 0.7131559 0.19279924 -0.7941983 -0.78924084 -0.67738694 -0.32740888 -0.12799285 0.48493886 0.4323528 -0.59139544 -0.8059875 -0.7597326 -0.14386204 0.59079516 0.7106453 0.76124483 0.6065109 0.22821847 0.47916177 0.8853962 0.6839048 0.7176154 0.84058803 0.8978748 0.9199847 0.898475 1.0 0.50546414 0.86313564 0.8215699 0.87172854 0.65329903 0.82786095 0.8233016 0.7989071 0.8579194 0.781597 0.56111294 0.36135978 0.64581037 0.39653608 0.48353657 -0.493297 -0.75934935 -0.6760022 0.33519197 0.5930702 0.54051137 -0.05638062 -0.13329253 -0.61544657 -0.7959725 -0.5363281 -0.71949106 -0.7141844 -0.2956454 -0.4344138 -0.15489058 -0.26281247 
NaN NaN NaN NaN NaN NaN NaN NaN NaN NaN NaN NaN NaN NaN NaN NaN NaN NaN NaN NaN -0.23780175 -0.205856 -0.16091186 -0.3058143 -0.2651741 -0.3116762 -0.2639599 -0.25036678 -0.2901982 0.026440356 0.03528709 0.03641573 0.28665748 0.4611344 0.1372833 -0.031739913 -0.13111687 -0.20779954 -0.07739928 0.39718556 -0.052085463 -0.07432131 0.018402224 0.010711081 0.080464005 -0.027634585 -0.19762214 -0.19534941 -0.15068533 -0.16953845 -0.17760271 0.16950454 -0.106988385 0.17230056 -0.28013209 -0.25305963 0.12965488 0.2691975 0.5416702 0.020178055 0.674269 0.6516348 0.6394052 0.27946988 -0.15628275 -0.07936641 0.10364065 0.23612139 0.31500247 0.58101714 0.50546414 1.0 0.26280585 0.811931 0.21377435 -0.11753953 0.24116197 0.19197536 0.14807117 0.50394136 0.5691686 0.74466884 0.67732596 0.33843446 0.603607 -0.045556586 0.04086152 -0.12679763 0.054169495 0.2270376 0.022985023 0.036959883 0.5832851 0.23227197 0.09959614 -0.1946914 -0.2830451 -0.18916035 -0.1553628 -0.004013284 -0.045784112 0.016740479 0.0446661 
NaN NaN NaN NaN NaN NaN NaN NaN NaN NaN NaN NaN NaN NaN NaN NaN NaN NaN NaN NaN -0.8014655 -0.5395309 -0.44804502 -0.7278815 -0.8017329 -0.77516216 -0.80284536 -0.802841 -0.7781615 -0.61274576 -0.73948866 0.47941017 -0.4249433 0.0013554968 0.38422906 -0.2377849 -0.831584 -0.8349297 -0.33259463 -0.27935842 0.70482326 0.70144016 0.7192761 0.72849584 0.73308206 0.29676822 -0.8345957 -0.8379219 -0.63398355 -0.22202517 0.02105239 0.55014616 0.5805268 -0.6975115 -0.83996946 -0.7347614 -0.1321335 0.58842653 0.57440317 0.8496041 0.3981394 -0.05256994 0.29117295 0.86649936 0.80344886 0.8140168 0.8586199 0.87586087 0.8978226 0.74975187 0.86313564 0.26280585 1.0 0.714644 0.93480843 0.8174114 0.9221544 0.9190866 0.9171685 0.8892055 0.8277434 0.5363522 0.33268404 0.8277174 0.46480143 0.7942032 -0.3428485 -0.7599299 -0.6878947 0.5780084 0.86486435 0.8325055 -0.071640946 0.05589313 -0.55943197 -0.75525063 -0.3143267 -0.7020196 -0.7155829 -0.10380061 -0.2888015 0.037031297 -0.16652061 
NaN NaN NaN NaN NaN NaN NaN NaN NaN NaN NaN NaN NaN NaN NaN NaN NaN NaN NaN NaN -0.590445 -0.4072561 -0.344433 -0.5996917 -0.61835754 -0.63165957 -0.6068464 -0.60207117 -0.6014567 -0.2881707 -0.35306215 0.29816025 -0.012083396 0.35111895 0.3115903 -0.16288255 -0.5389774 -0.59956104 -0.23934358 0.14689443 0.3503744 0.33849415 0.4202695 0.41460955 0.460696 0.13406967 -0.5940363 -0.593964 -0.4651753 -0.26464415 -0.13209651 0.4170511 0.22565874 -0.2583003 -0.6548255 -0.5790374 0.009625451 0.50748795 0.7095318 0.46898642 0.7092026 0.45335895 0.6242136 0.677858 0.31904927 0.38936976 0.5518008 0.65205175 0.7120415 0.83979017 0.8215699 0.811931 0.714644 1.0 0.6744582 0.3523227 0.6649447 0.6231703 0.59629726 0.83560324 0.84297395 0.8088671 0.65407026 0.66586494 0.6591815 0.36283836 -0.18831122 -0.5040582 -0.34644386 0.42294493 0.44808882 0.4307076 0.35141972 0.14535432 -0.2631871 -0.5614567 -0.42353505 -0.52277833 -0.49694476 -0.10165361 -0.21497871 0.005718599 -0.06948584 
NaN NaN NaN NaN NaN NaN NaN NaN NaN NaN NaN NaN NaN NaN NaN NaN NaN NaN NaN NaN -0.77692175 -0.5585459 -0.53343624 -0.7237521 -0.7172746 -0.7579576 -0.7436603 -0.72256476 -0.7674495 -0.65274066 -0.7183171 0.3552807 -0.4683938 -0.075685576 0.25306797 -0.39555174 -0.82988745 -0.8470053 -0.49398977 -0.37868446 0.6878405 0.79514015 0.8206905 0.82168883 0.73641735 0.12322637 -0.78047574 -0.7777077 -0.7641599 -0.4144915 -0.13318299 0.42437017 0.4588636 -0.73358923 -0.7915974 -0.7981102 -0.3084716 0.46746913 0.5203809 0.81714004 0.34542015 -0.07207676 0.22040008 0.8829514 0.89290464 0.9228066 0.95113856 0.93547463 0.92735696 0.75299835 0.87172854 0.21377435 0.93480843 0.6744582 1.0 0.91189784 0.95379466 0.9426374 0.9653835 0.8654665 0.74838436 0.42032936 0.23471236 0.70171106 0.31977728 0.65951645 -0.49623218 -0.7341475 -0.7305813 0.37702253 0.8201755 0.74208844 -0.212297 -0.15964997 -0.66351485 -0.7594009 -0.46546775 -0.6845589 -0.6894831 -0.29182833 -0.39273092 -0.11241131 -0.2629918 
NaN NaN NaN NaN NaN NaN NaN NaN NaN NaN NaN NaN NaN NaN NaN NaN NaN NaN NaN NaN -0.68192023 -0.503081 -0.52188617 -0.62050027 -0.5790451 -0.6303248 -0.615163 -0.58435893 -0.66253877 -0.6774062 -0.71593285 0.22448759 -0.61427516 -0.31770614 0.09183264 -0.43697286 -0.7519808 -0.75140417 -0.53519523 -0.58616567 0.6053278 0.7642093 0.7563882 0.7643231 0.61189044 0.0021679134 -0.66690487 -0.6602891 -0.73706055 -0.42195326 -0.1492024 0.25274247 0.3951501 -0.7836793 -0.66030496 -0.7227294 -0.42867348 0.2676911 0.24489132 0.74042237 0.025909638 -0.35126856 -0.09395036 0.7214787 0.9620065 0.96507865 0.89652294 0.8227122 0.7824132 0.48877075 0.65329903 -0.11753953 0.8174114 0.3523227 0.91189784 1.0 0.88781774 0.88838565 0.9229108 0.67485243 0.52907175 0.14476986 0.011438737 0.56190825 0.112287074 0.65403837 -0.49664745 -0.640226 -0.7092647 0.2824894 0.8361116 0.7490972 -0.39969617 -0.23871742 -0.65709937 -0.6359883 -0.32953206 -0.5671416 -0.5932063 -0.29493853 -0.3630999 -0.13562022 -0.2891015 
NaN NaN NaN NaN NaN NaN NaN NaN NaN NaN NaN NaN NaN NaN NaN NaN NaN NaN NaN NaN -0.78673935 -0.56329477 -0.5603059 -0.734103 -0.6973873 -0.7453317 -0.73185635 -0.70231515 -0.7729391 -0.67164975 -0.7287053 0.26285967 -0.51271725 -0.13346909 0.17212498 -0.40573928 -0.801693 -0.81994784 -0.53107053 -0.42638737 0.56967497 0.6969349 0.7335824 0.73390144 0.6277074 0.007466614 -0.7612726 -0.75722307 -0.77897555 -0.46293628 -0.22519568 0.31641102 0.33102182 -0.73997086 -0.78451556 -0.8229836 -0.34693947 0.38097414 0.44023186 0.73614585 0.2772421 -0.114479534 0.16353299 0.80374736 0.8476257 0.88210964 0.904006 0.9049793 0.8994465 0.72517246 0.82786095 0.24116197 0.9221544 0.6649447 0.95379466 0.88781774 1.0 0.97780347 0.95925593 0.8690204 0.7738477 0.4770393 0.33676544 0.750498 0.43047038 0.67122495 -0.43596077 -0.6594383 -0.65411806 0.43087885 0.8471788 0.7691043 -0.12371275 -0.09158386 -0.57807016 -0.68310916 -0.35986158 -0.61777097 -0.63989687 -0.24105014 -0.3333493 -0.07884528 -0.22119212 
NaN NaN NaN NaN NaN NaN NaN NaN NaN NaN NaN NaN NaN NaN NaN NaN NaN NaN NaN NaN -0.78023744 -0.5332509 -0.5507836 -0.7230335 -0.6971348 -0.7349797 -0.73030776 -0.70663625 -0.76810616 -0.6738159 -0.7360221 0.29008603 -0.519875 -0.13835143 0.19216464 -0.37798887 -0.7988957 -0.8244975 -0.51998633 -0.44232342 0.59749866 0.71663976 0.74828696 0.74904114 0.64508146 0.02921433 -0.77715665 -0.7730762 -0.78831756 -0.4542356 -0.22105575 0.30781353 0.35792777 -0.7739235 -0.79778135 -0.8304076 -0.36382833 0.3765356 0.42267716 0.7455679 0.24713287 -0.15614513 0.12783848 0.7929722 0.85109216 0.87443584 0.89441365 0.90128875 0.8937726 0.70850474 0.8233016 0.19197536 0.9190866 0.6231703 0.9426374 0.88838565 0.97780347 1.0 0.970025 0.8686983 0.77623725 0.46846172 0.32127383 0.7534153 0.41618764 0.69286937 -0.4430673 -0.6829443 -0.68256986 0.42045873 0.84045404 0.7692675 -0.16808006 -0.11807812 -0.61065155 -0.701497 -0.35808724 -0.6433214 -0.67066914 -0.26464218 -0.37218276 -0.1131112 -0.26152858 
NaN NaN NaN NaN NaN NaN NaN NaN NaN NaN NaN NaN NaN NaN NaN NaN NaN NaN NaN NaN -0.73509777 -0.53556985 -0.49216852 -0.67488384 -0.6754193 -0.70750195 -0.70132357 -0.68282145 -0.7232477 -0.6335659 -0.70803 0.33815652 -0.48420516 -0.10574616 0.24153368 -0.3660421 -0.793949 -0.81048936 -0.48943046 -0.4217417 0.6434289 0.7528597 0.76971996 0.77114344 0.67427886 0.08130397 -0.75523233 -0.7551624 -0.7606001 -0.43592966 -0.16953403 0.3516369 0.4101663 -0.7456403 -0.77749854 -0.7925793 -0.34722927 0.3971694 0.43284756 0.76779574 0.2531906 -0.15648396 0.13169414 0.8110747 0.8709946 0.9016597 0.90713483 0.8838376 0.8814124 0.69041324 0.7989071 0.14807117 0.9171685 0.59629726 0.9653835 0.9229108 0.95925593 0.970025 1.0 0.8835694 0.7730033 0.4408575 0.2683477 0.7544346 0.36969364 0.7243914 -0.42200953 -0.68136185 -0.68527687 0.43630075 0.87484115 0.8003955 -0.19621035 -0.112580456 -0.6190064 -0.7055376 -0.39085495 -0.64655274 -0.65778387 -0.2468625 -0.3472356 -0.07622279 -0.23646909 
NaN NaN NaN NaN NaN NaN NaN NaN NaN NaN NaN NaN NaN NaN NaN NaN NaN NaN NaN NaN -0.7172538 -0.50137305 -0.40175626 -0.66829115 -0.7161344 -0.7175942 -0.7249285 -0.72398025 -0.7192747 -0.489166 -0.5894884 0.38858658 -0.2439777 0.16246428 0.35374546 -0.23740667 -0.73147815 -0.7765238 -0.36960366 -0.1385491 0.5324479 0.54777735 0.586021 0.5840311 0.59051985 0.14966455 -0.75519633 -0.76030385 -0.64763653 -0.3519688 -0.13803609 0.42667875 0.3641877 -0.5535729 -0.8047878 -0.7352364 -0.15464741 0.51489633 0.6191624 0.6739419 0.53074783 0.15613113 0.41700435 0.79023165 0.6149936 0.66097564 0.75106126 0.80124474 0.84905523 0.83243114 0.8579194 0.50394136 0.8892055 0.83560324 0.8654665 0.67485243 0.8690204 0.8686983 0.8835694 1.0 0.95299983 0.7550396 0.57201636 0.8533483 0.65016073 0.6824171 -0.23803161 -0.62097967 -0.52243 0.5714227 0.7687378 0.74026847 0.14320572 0.11173347 -0.43600228 -0.67727137 -0.38214684 -0.63385844 -0.63001907 -0.120633796 -0.2534889 0.02935543 -0.11253577 
NaN NaN NaN NaN NaN NaN NaN NaN NaN NaN NaN NaN NaN NaN NaN NaN NaN NaN NaN NaN -0.6540235 -0.43995187 -0.31838635 -0.609602 -0.6914609 -0.65800387 -0.680878 -0.6905836 -0.659761 -0.3928907 -0.5177765 0.37504503 -0.18063182 0.20769121 0.35540485 -0.14123234 -0.64709204 -0.6955729 -0.26859453 -0.052990355 0.43372694 0.39089128 0.42381454 0.42500034 0.47506374 0.16678305 -0.71542513 -0.72260326 -0.5402988 -0.27454448 -0.12400997 0.38900945 0.31751394 -0.46443358 -0.7761688 -0.6534358 -0.07963458 0.48711526 0.5745076 0.564402 0.5222825 0.17901161 0.42405963 0.6778866 0.45863718 0.49031898 0.5924581 0.668423 0.73504674 0.77299196 0.781597 0.5691686 0.8277434 0.84297395 0.74838436 0.52907175 0.7738477 0.77623725 0.7730033 0.95299983 1.0 0.87884986 0.7210713 0.9054854 0.7911948 0.70468473 -0.04791228 -0.53318805 -0.38900137 0.6676587 0.7227841 0.74026847 0.31923965 0.28043526 -0.28195176 -0.58878696 -0.25569105 -0.56805825 -0.57210696 0.0062903995 -0.16203302 0.11339181 -0.0354693 
NaN NaN NaN NaN NaN NaN NaN NaN NaN NaN NaN NaN NaN NaN NaN NaN NaN NaN NaN NaN -0.40787885 -0.27137762 -0.16179329 -0.40427086 -0.4691362 -0.44440985 -0.47037572 -0.48247987 -0.45359433 -0.15184459 -0.24601606 0.18751572 0.025641344 0.3024616 0.23027737 -0.019633528 -0.35088956 -0.41055837 -0.09871733 0.16573118 0.10011317 0.021390036 0.07190498 0.07244214 0.15270251 0.06881521 -0.47162986 -0.47806394 -0.27743295 -0.1746497 -0.16127148 0.20585522 0.06387534 -0.14647856 -0.5532506 -0.42580312 0.029154517 0.31542903 0.45620367 0.20575377 0.5107168 0.34486273 0.46887138 0.37021413 0.052446038 0.09581476 0.232194 0.34537807 0.4298406 0.6166424 0.56111294 0.74466884 0.5363522 0.8088671 0.42032936 0.14476986 0.4770393 0.46846172 0.4408575 0.7550396 0.87884986 1.0 0.9013824 0.7607493 0.9017008 0.46835515 0.23272762 -0.23600392 -0.032190785 0.6338806 0.43315727 0.49972963 0.63534313 0.4693325 0.05779127 -0.3066204 -0.09076692 -0.32885927 -0.33339775 0.15665168 0.0025255505 0.19015162 0.114856705 
NaN NaN NaN NaN NaN NaN NaN NaN NaN NaN NaN NaN NaN NaN NaN NaN NaN NaN NaN NaN -0.2845876 -0.20629776 -0.16804864 -0.30713564 -0.30730093 -0.30796662 -0.31348544 -0.31250483 -0.33064106 -0.10339783 -0.16615145 -0.0520959 -0.013810521 0.15305185 -0.004390312 -0.0725732 -0.20890264 -0.2538146 -0.12772769 0.09259848 -0.15241961 -0.18782651 -0.13652797 -0.13921677 -0.111897744 -0.1472753 -0.29617327 -0.3020012 -0.19982845 -0.2280525 -0.30072322 -0.060419023 -0.18992032 -0.068931766 -0.40396643 -0.34107655 -0.08595342 0.04227673 0.19863217 -0.041402392 0.31159285 0.2725412 0.32232544 0.13969898 -0.10628861 -0.060569726 0.047548015 0.15411006 0.22690132 0.41878247 0.36135978 0.67732596 0.33268404 0.65407026 0.23471236 0.011438737 0.33676544 0.32127383 0.2683477 0.57201636 0.7210713 0.9013824 1.0 0.6358535 0.8938547 0.34178334 0.37852925 0.009918007 0.18162878 0.55545866 0.30909455 0.3811153 0.7347198 0.5432185 0.26963624 -0.06911128 0.10342331 -0.10306042 -0.12387754 0.23038435 0.13090296 0.23496182 0.21761589 
NaN NaN NaN NaN NaN NaN NaN NaN NaN NaN NaN NaN NaN NaN NaN NaN NaN NaN NaN NaN -0.59872776 -0.392436 -0.22869746 -0.5262445 -0.65679216 -0.5842663 -0.6407126 -0.66481924 -0.5984766 -0.39054924 -0.5646992 0.4002122 -0.2938196 0.069465876 0.35451263 -0.09736259 -0.6459385 -0.64407885 -0.18767245 -0.14070569 0.4375036 0.3623768 0.36361527 0.3718459 0.43650377 0.23893565 -0.69077575 -0.70445275 -0.4457183 -0.16192925 -0.02858984 0.39291134 0.37131706 -0.5163807 -0.754744 -0.60191834 -0.07130728 0.4361492 0.40031222 0.56697553 0.32040134 -0.031846005 0.26487413 0.5975118 0.4751547 0.49378565 0.54224706 0.5801108 0.636888 0.5925708 0.64581037 0.33843446 0.8277174 0.66586494 0.70171106 0.56190825 0.750498 0.7534153 0.7544346 0.8533483 0.9054854 0.7607493 0.6358535 1.0 0.8099209 0.87290716 0.09976848 -0.49438816 -0.3657707 0.7964065 0.83250767 0.86176574 0.3108627 0.41493773 -0.20821477 -0.5116264 -0.06711459 -0.5246959 -0.54303116 0.13770291 -0.060451083 0.22771327 0.04239655 
NaN NaN NaN NaN NaN NaN NaN NaN NaN NaN NaN NaN NaN NaN NaN NaN NaN NaN NaN NaN -0.33003452 -0.22279315 -0.101547554 -0.30761385 -0.3663057 -0.33616358 -0.37887606 -0.3939414 -0.3800573 -0.13398574 -0.24725156 0.10360577 -0.060362425 0.16626151 0.138346 -0.017438266 -0.30627623 -0.335781 -0.10495752 0.074890025 -0.006115232 -0.08396231 -0.053072747 -0.051290095 0.02924611 0.008528258 -0.38476527 -0.39549696 -0.2167994 -0.15518144 -0.17754681 0.10949961 -0.022074908 -0.15399198 -0.48270848 -0.3731867 0.00437555 0.1830046 0.2568525 0.10870483 0.31582683 0.2026319 0.3325423 0.23478784 -0.005370078 0.031554475 0.123523876 0.21769242 0.29823917 0.43841177 0.39653608 0.603607 0.46480143 0.6591815 0.31977728 0.112287074 0.43047038 0.41618764 0.36969364 0.65016073 0.7911948 0.9017008 0.8938547 0.8099209 1.0 0.5382688 0.396019 -0.08097632 0.08203488 0.6854481 0.46663767 0.5406181 0.70564586 0.59650886 0.20994362 -0.13770983 0.1181048 -0.20388085 -0.2294018 0.25356978 0.12281166 0.26626325 0.19467738 
NaN NaN NaN NaN NaN NaN NaN NaN NaN NaN NaN NaN NaN NaN NaN NaN NaN NaN NaN NaN -0.5483411 -0.34511355 -0.15055431 -0.42719615 -0.61147445 -0.5065382 -0.59062076 -0.6244837 -0.52496064 -0.41691208 -0.6062952 0.47787902 -0.39582637 -0.08301762 0.3846196 -0.02552336 -0.6307782 -0.6029988 -0.109162085 -0.2773234 0.54926264 0.43521154 0.383458 0.40046397 0.47373196 0.3600899 -0.6475458 -0.6608331 -0.34225386 -0.002899345 0.16416815 0.43772775 0.54557383 -0.5754817 -0.6656454 -0.47253662 -0.047616325 0.42759183 0.24140164 0.6492053 0.09574851 -0.28569272 0.04535717 0.5555455 0.5935545 0.56337434 0.5316001 0.5102097 0.54211473 0.36679366 0.48353657 -0.045556586 0.7942032 0.36283836 0.65951645 0.65403837 0.67122495 0.69286937 0.7243914 0.6824171 0.70468473 0.46835515 0.34178334 0.87290716 0.5382688 1.0 0.11514993 -0.5247339 -0.44848418 0.7602547 0.88330895 0.92083496 0.051221244 0.37394083 -0.26911676 -0.49411607 0.040985823 -0.5064836 -0.53054184 0.1845408 -0.030198729 0.2602698 0.01573044 
NaN NaN NaN NaN NaN NaN NaN NaN NaN NaN NaN NaN NaN NaN NaN NaN NaN NaN NaN NaN 0.35779417 0.21640831 0.37139314 0.35266224 0.24936396 0.32345667 0.2652511 0.22967856 0.30139565 0.35330105 0.28195697 -0.18146329 0.19697395 0.03264401 -0.09579661 0.30682808 0.35834825 0.37882408 0.3455147 0.22317018 -0.4570715 -0.63162667 -0.6768786 -0.66703707 -0.5415905 0.04414643 0.32765323 0.3146411 0.5749758 0.3567426 0.19685271 -0.15133113 -0.20638834 0.46586064 0.27704406 0.4590752 0.27786207 -0.22296512 -0.3262166 -0.4872643 -0.18749829 0.022307431 -0.06631463 -0.51968974 -0.59529173 -0.61046964 -0.64461166 -0.6369391 -0.5906509 -0.4408285 -0.493297 0.04086152 -0.3428485 -0.18831122 -0.49623218 -0.49664745 -0.43596077 -0.4430673 -0.42200953 -0.23803161 -0.04791228 0.23272762 0.37852925 0.09976848 0.396019 0.11514993 1.0 0.5372262 0.6085867 0.3250543 -0.14256553 -0.0056795236 0.63736737 0.73371255 0.7526257 0.51828295 0.59434664 0.4207704 0.41642898 0.62583447 0.5668684 0.5115215 0.5156729 
NaN NaN NaN NaN NaN NaN NaN NaN NaN NaN NaN NaN NaN NaN NaN NaN NaN NaN NaN NaN 0.60325205 0.1973719 0.22644775 0.545533 0.69081366 0.5779686 0.6205546 0.6542309 0.539345 0.3175769 0.43150628 -0.61709166 0.11237174 -0.23709694 -0.54853857 0.00243486 0.57678205 0.62887657 0.050000638 -0.0046077347 -0.74400485 -0.6980365 -0.7129157 -0.7178365 -0.7533775 -0.44637495 0.7452601 0.7428648 0.4549485 -0.0010773607 -0.193199 -0.6125051 -0.65490806 0.50195295 0.7066425 0.5536108 -0.056041516 -0.6906942 -0.6424543 -0.81770194 -0.4892883 -0.111261144 -0.35753453 -0.80071306 -0.7060568 -0.698639 -0.75319207 -0.7734219 -0.78629404 -0.6767317 -0.75934935 -0.12679763 -0.7599299 -0.5040582 -0.7341475 -0.640226 -0.6594383 -0.6829443 -0.68136185 -0.62097967 -0.53318805 -0.23600392 0.009918007 -0.49438816 -0.08097632 -0.5247339 0.5372262 1.0 0.9068996 -0.22535725 -0.53351605 -0.48411483 0.3669878 0.25265184 0.75450414 0.89465046 0.5831825 0.84980786 0.82434034 0.32324815 0.56824166 0.25120997 0.42571336 
NaN NaN NaN NaN NaN NaN NaN NaN NaN NaN NaN NaN NaN NaN NaN NaN NaN NaN NaN NaN 0.5335421 0.20889577 0.28110656 0.47937799 0.5382023 0.48439032 0.5042232 0.5179839 0.46640837 0.37685147 0.43558273 -0.5080189 0.21973872 -0.08484389 -0.41711462 0.11632871 0.54815984 0.5779428 0.17465098 0.15293112 -0.7315506 -0.7675853 -0.7728195 -0.77439034 -0.74146545 -0.2926618 0.64808595 0.6387855 0.5590435 0.14917731 -0.07737602 -0.4694292 -0.55048317 0.58499205 0.5884162 0.5699442 0.115954965 -0.53119713 -0.49335137 -0.78142756 -0.29903394 0.05639505 -0.17987391 -0.7475269 -0.78106886 -0.76884866 -0.78747815 -0.7765708 -0.7605029 -0.5660051 -0.6760022 0.054169495 -0.6878947 -0.34644386 -0.7305813 -0.7092647 -0.65411806 -0.68256986 -0.68527687 -0.52243 -0.38900137 -0.032190785 0.18162878 -0.3657707 0.08203488 -0.44848418 0.6085867 0.9068996 1.0 0.025039736 -0.48430887 -0.39673325 0.6058319 0.47471792 0.8566879 0.8192881 0.5980935 0.7625932 0.75363547 0.48509425 0.6287752 0.38342956 0.5362019 
NaN NaN NaN NaN NaN NaN NaN NaN NaN NaN NaN NaN NaN NaN NaN NaN NaN NaN NaN NaN -0.4151735 -0.33202767 -0.068067364 -0.34567732 -0.5292264 -0.4169765 -0.4899779 -0.5228487 -0.40137202 -0.23777924 -0.43919384 0.3303992 -0.22156008 0.025156334 0.2901242 0.05773499 -0.44327387 -0.42878813 -0.0047446247 -0.08378295 0.22427367 0.066220485 0.050298776 0.06417151 0.2024263 0.31837115 -0.4526938 -0.47453773 -0.071642734 0.11312097 0.16256353 0.35507625 0.3455333 -0.27001774 -0.52198935 -0.25710356 0.13812333 0.34868723 0.2258416 0.3532962 0.21153514 -0.03598325 0.19896139 0.33397654 0.19956546 0.20247643 0.22742836 0.25534353 0.32014143 0.31927627 0.33519197 0.2270376 0.5780084 0.42294493 0.37702253 0.2824894 0.43087885 0.42045873 0.43630075 0.5714227 0.6676587 0.6338806 0.55545866 0.7964065 0.6854481 0.7602547 0.3250543 -0.22535725 0.025039736 1.0 0.7298897 0.8084226 0.52916515 0.7283914 0.16361083 -0.20720415 0.2881982 -0.23673439 -0.24982949 0.50931996 0.3004621 0.5530631 0.36744148 
NaN NaN NaN NaN NaN NaN NaN NaN NaN NaN NaN NaN NaN NaN NaN NaN NaN NaN NaN NaN -0.6450471 -0.53117603 -0.36957288 -0.56618625 -0.62640035 -0.609028 -0.63154256 -0.62578636 -0.6225507 -0.565188 -0.69439125 0.3393353 -0.5259375 -0.19675632 0.22589852 -0.25881004 -0.7201175 -0.7015162 -0.3567405 -0.4401326 0.52691156 0.55403125 0.5332973 0.5441173 0.52020395 0.14898254 -0.6606435 -0.66811323 -0.5555293 -0.26453513 -0.04633148 0.33035985 0.42069325 -0.67510974 -0.69515663 -0.62523913 -0.229619 0.34392154 0.2635516 0.68460375 0.1023255 -0.27549404 0.03009513 0.6593906 0.75995207 0.764736 0.72758347 0.68880075 0.6987182 0.4863268 0.5930702 0.022985023 0.86486435 0.44808882 0.8201755 0.8361116 0.8471788 0.84045404 0.87484115 0.7687378 0.7227841 0.43315727 0.30909455 0.83250767 0.46663767 0.88330895 -0.14256553 -0.53351605 -0.48430887 0.7298897 1.0 0.96940094 -9.018006E-4 0.22933017 -0.35772327 -0.5154678 -0.058660563 -0.4932948 -0.5164854 0.06696368 -0.0671942 0.205188 -0.01024848 
NaN NaN NaN NaN NaN NaN NaN NaN NaN NaN NaN NaN NaN NaN NaN NaN NaN NaN NaN NaN -0.62903875 -0.5151657 -0.3240739 -0.55354285 -0.64679545 -0.6037683 -0.63887334 -0.6427199 -0.6082089 -0.53542286 -0.6871139 0.336361 -0.51702243 -0.19168237 0.2331744 -0.20254336 -0.70114625 -0.68190587 -0.29170692 -0.40334255 0.49206933 0.46975827 0.43542075 0.45497528 0.46837923 0.20995617 -0.6439042 -0.65482306 -0.46246424 -0.1749352 0.0038492745 0.33674368 0.43810567 -0.6284362 -0.6958093 -0.56643206 -0.17718557 0.34052572 0.23670614 0.6373309 0.089717284 -0.27887568 0.025264978 0.5938137 0.6717289 0.657168 0.61999243 0.5928784 0.6184524 0.4382867 0.54051137 0.036959883 0.8325055 0.4307076 0.74208844 0.7490972 0.7691043 0.7692675 0.8003955 0.74026847 0.74026847 0.49972963 0.3811153 0.86176574 0.5406181 0.92083496 -0.0056795236 -0.48411483 -0.39673325 0.8084226 0.96940094 1.0 0.10997229 0.37030408 -0.24431777 -0.46044633 0.050509114 -0.4508287 -0.48045048 0.19138569 0.018378453 0.30328503 0.08006127 
NaN NaN NaN NaN NaN NaN NaN NaN NaN NaN NaN NaN NaN NaN NaN NaN NaN NaN NaN NaN 0.017948953 -0.09796879 0.05006312 -0.032296438 -0.04698964 -0.032690167 -0.021538783 -0.023519292 -0.013738434 0.15654135 0.10619107 -0.18829317 0.14213765 0.14168562 -0.10451711 0.06336764 0.09239245 0.06903957 0.057072945 0.21772115 -0.40694788 -0.5131337 -0.4846201 -0.48077217 -0.37066543 -0.06719375 0.10784996 0.10316494 0.27949852 0.07560552 -0.09441033 -0.09894496 -0.27324548 0.30169562 -0.032921128 0.1113818 0.17234677 -0.097678326 -0.0061406107 -0.35767105 0.1825061 0.30696657 0.25389984 -0.22293295 -0.49910384 -0.4619341 -0.3805 -0.29092664 -0.21524271 0.059116617 -0.05638062 0.5832851 -0.071640946 0.35141972 -0.212297 -0.39969617 -0.12371275 -0.16808006 -0.19621035 0.14320572 0.31923965 0.63534313 0.7347198 0.3108627 0.70564586 0.051221244 0.63736737 0.3669878 0.6058319 0.52916515 -9.018006E-4 0.10997229 1.0 0.8335828 0.74095935 0.36018676 0.41228306 0.2788285 0.28419983 0.55652744 0.5121039 0.5137873 0.5542079 
NaN NaN NaN NaN NaN NaN NaN NaN NaN NaN NaN NaN NaN NaN NaN NaN NaN NaN NaN NaN -0.055762354 -0.15787041 0.09742138 -0.056353007 -0.1680266 -0.07191067 -0.09863439 -0.120937355 -0.030184787 0.055120327 -0.07433947 -0.018868873 -0.024113934 1.7175585E-4 0.028199824 0.16130719 -0.016833464 -0.0076310835 0.1275134 0.056784026 -0.2245327 -0.40763307 -0.43710336 -0.4217407 -0.2648039 0.16274586 0.03305493 0.015147514 0.3556309 0.261768 0.13828962 0.053568136 -0.0067132195 0.15654644 -0.09122494 0.14667292 0.2033533 -0.023340844 -0.1189008 -0.17971937 -0.005303395 0.0021572227 0.06782574 -0.18845731 -0.33566695 -0.34180906 -0.33287132 -0.29404628 -0.22467974 -0.09196432 -0.13329253 0.23227197 0.05589313 0.14535432 -0.15964997 -0.23871742 -0.09158386 -0.11807812 -0.112580456 0.11173347 0.28043526 0.4693325 0.5432185 0.41493773 0.59650886 0.37394083 0.73371255 0.25265184 0.47471792 0.7283914 0.22933017 0.37030408 0.8335828 1.0 0.73062617 0.33846468 0.6416961 0.23836052 0.2320866 0.7715535 0.65582526 0.74928975 0.6768545 
NaN NaN NaN NaN NaN NaN NaN NaN NaN NaN NaN NaN NaN NaN NaN NaN NaN NaN NaN NaN 0.39591745 0.0955569 0.19664085 0.31504375 0.38012066 0.3713026 0.41232723 0.4273064 0.40038717 0.3279555 0.35635668 -0.46045876 0.1593046 -0.08596743 -0.3509216 0.16359763 0.4849262 0.49370658 0.17009868 0.12530707 -0.6811881 -0.75499797 -0.77058285 -0.76933825 -0.7050882 -0.20729099 0.5776145 0.57196283 0.59088886 0.20671621 -0.03252125 -0.39671057 -0.48047718 0.5275173 0.4699494 0.5120325 0.13311951 -0.48768514 -0.48816833 -0.72130555 -0.29529652 0.025941025 -0.1544098 -0.6960355 -0.7456875 -0.7391251 -0.7607185 -0.7400605 -0.71110976 -0.5224289 -0.61544657 0.09959614 -0.55943197 -0.2631871 -0.66351485 -0.65709937 -0.57807016 -0.61065155 -0.6190064 -0.43600228 -0.28195176 0.05779127 0.26963624 -0.20821477 0.20994362 -0.26911676 0.7526257 0.75450414 0.8566879 0.16361083 -0.35772327 -0.24431777 0.74095935 0.73062617 1.0 0.8353138 0.7388867 0.69739217 0.6930859 0.66488373 0.73986155 0.5738605 0.66672385 
NaN NaN NaN NaN NaN NaN NaN NaN NaN NaN NaN NaN NaN NaN NaN NaN NaN NaN NaN NaN 0.612976 0.20114815 0.20817238 0.5117655 0.68849975 0.6096675 0.6746034 0.7048919 0.5897407 0.3340389 0.44322285 -0.61647326 0.079798214 -0.28324988 -0.5483333 0.04557853 0.61677676 0.65982735 0.080679946 -0.033539914 -0.74885255 -0.71607864 -0.7398073 -0.7416107 -0.7685955 -0.40600544 0.7932678 0.79568315 0.5231456 0.08303698 -0.14621498 -0.6104905 -0.6256734 0.49737772 0.7350457 0.58857787 -0.029991785 -0.70459133 -0.70426804 -0.8204954 -0.55724794 -0.18571356 -0.42740217 -0.8394061 -0.70544684 -0.7069703 -0.7765611 -0.80042887 -0.8182684 -0.7322989 -0.7959725 -0.1946914 -0.75525063 -0.5614567 -0.7594009 -0.6359883 -0.68310916 -0.701497 -0.7055376 -0.67727137 -0.58878696 -0.3066204 -0.06911128 -0.5116264 -0.13770983 -0.49411607 0.51828295 0.89465046 0.8192881 -0.20720415 -0.5154678 -0.46044633 0.36018676 0.33846468 0.8353138 1.0 0.6677246 0.7759467 0.7525902 0.36931854 0.57932174 0.30666286 0.44402602 
NaN NaN NaN NaN NaN NaN NaN NaN NaN NaN NaN NaN NaN NaN NaN NaN NaN NaN NaN NaN 0.1291619 -0.08636678 -0.021849481 0.10675913 0.14916153 0.15801498 0.171295 0.20252627 0.19400051 -0.024882173 -0.047512535 -0.37993002 -0.25194994 -0.41934127 -0.35882446 0.098861896 0.24877004 0.29420364 0.07860138 -0.2444354 -0.46039656 -0.51935446 -0.5711171 -0.5614191 -0.53142285 -0.14362139 0.37606293 0.36711228 0.4136139 0.21409345 -4.811148E-4 -0.367431 -0.27952093 0.13930324 0.330776 0.3786463 -0.031096444 -0.48143363 -0.6373701 -0.47243688 -0.57230556 -0.41591382 -0.45048496 -0.5823797 -0.40489304 -0.44993684 -0.5384209 -0.5469244 -0.54651713 -0.5755329 -0.5363281 -0.2830451 -0.3143267 -0.42353505 -0.46546775 -0.32953206 -0.35986158 -0.35808724 -0.39085495 -0.38214684 -0.25569105 -0.09076692 0.10342331 -0.06711459 0.1181048 0.040985823 0.59434664 0.5831825 0.5980935 0.2881982 -0.058660563 0.050509114 0.41228306 0.6416961 0.7388867 0.6677246 1.0 0.68494195 0.6135866 0.7599219 0.7557833 0.6623941 0.6438067 
NaN NaN NaN NaN NaN NaN NaN NaN NaN NaN NaN NaN NaN NaN NaN NaN NaN NaN NaN NaN 0.41573617 -0.04150593 0.025969923 0.33899546 0.48801386 0.3669173 0.4569072 0.5278413 0.44286728 0.17855245 0.30332872 -0.63697445 8.6030946E-4 -0.3175759 -0.56524235 -0.027122093 0.538685 0.5984026 0.05332013 -0.062270116 -0.69563895 -0.64156514 -0.65984637 -0.66584325 -0.7096741 -0.41318 0.75977206 0.76160574 0.47305503 0.046232138 -0.15933013 -0.5907649 -0.60959965 0.46697152 0.7235516 0.57705224 -0.05602635 -0.6814767 -0.6541164 -0.76244545 -0.52847016 -0.15853684 -0.3825117 -0.76043993 -0.625176 -0.6276635 -0.6967234 -0.7202769 -0.7399349 -0.66501343 -0.71949106 -0.18916035 -0.7020196 -0.52277833 -0.6845589 -0.5671416 -0.61777097 -0.6433214 -0.64655274 -0.63385844 -0.56805825 -0.32885927 -0.10306042 -0.5246959 -0.20388085 -0.5064836 0.4207704 0.84980786 0.7625932 -0.23673439 -0.4932948 -0.4508287 0.2788285 0.23836052 0.69739217 0.7759467 0.68494195 1.0 0.9824018 0.52109194 0.74401313 0.4273812 0.568617 
NaN NaN NaN NaN NaN NaN NaN NaN NaN NaN NaN NaN NaN NaN NaN NaN NaN NaN NaN NaN 0.4311133 -0.028747728 0.06271456 0.35333005 0.47544464 0.36128032 0.4590345 0.524936 0.46458974 0.2245586 0.3481181 -0.5994524 0.074086085 -0.24316134 -0.5155704 -0.025120914 0.5485214 0.6189376 0.10054548 0.021148115 -0.67284584 -0.63236785 -0.6493299 -0.65713435 -0.68222827 -0.3618222 0.7958863 0.7977166 0.5161411 0.07705458 -0.12173817 -0.5373357 -0.58040816 0.5342005 0.74374026 0.61374557 0.0068459464 -0.6289686 -0.5850073 -0.7524452 -0.45379546 -0.07187042 -0.30409208 -0.73596877 -0.6484926 -0.6422458 -0.7030157 -0.7289344 -0.7409857 -0.64075905 -0.7141844 -0.1553628 -0.7155829 -0.49694476 -0.6894831 -0.5932063 -0.63989687 -0.67066914 -0.65778387 -0.63001907 -0.57210696 -0.33339775 -0.12387754 -0.54303116 -0.2294018 -0.53054184 0.41642898 0.82434034 0.75363547 -0.24982949 -0.5164854 -0.48045048 0.28419983 0.2320866 0.6930859 0.7525902 0.6135866 0.9824018 1.0 0.5361421 0.7738115 0.45505324 0.6067901 
NaN NaN NaN NaN NaN NaN NaN NaN NaN NaN NaN NaN NaN NaN NaN NaN NaN NaN NaN NaN -0.04359052 -0.28640324 -0.057377335 -0.099810384 -0.16681306 -0.1322147 -0.1142823 -0.0924828 -0.0077118077 -0.04661604 -0.11841213 -0.15945357 -0.077151105 -0.12750868 -0.07180055 0.13145703 0.09177664 0.1519273 0.24010803 0.063091755 -0.24304438 -0.3966939 -0.44144514 -0.43356523 -0.30030766 0.17186157 0.23184323 0.21597102 0.49612647 0.38421562 0.22629371 0.0034145217 -0.022576157 0.27166325 0.15190135 0.3843081 0.28485262 -0.09046224 -0.20926961 -0.24145581 -0.13094975 -0.036361627 -0.015222027 -0.29355928 -0.36259374 -0.38013902 -0.41029578 -0.40103438 -0.35840115 -0.2739154 -0.2956454 -0.004013284 -0.10380061 -0.10165361 -0.29182833 -0.29493853 -0.24105014 -0.26464218 -0.2468625 -0.120633796 0.0062903995 0.15665168 0.23038435 0.13770291 0.25356978 0.1845408 0.62583447 0.32324815 0.48509425 0.50931996 0.06696368 0.19138569 0.55652744 0.7715535 0.66488373 0.36931854 0.7599219 0.52109194 0.5361421 1.0 0.8925794 0.9344448 0.8739334 
NaN NaN NaN NaN NaN NaN NaN NaN NaN NaN NaN NaN NaN NaN NaN NaN NaN NaN NaN NaN 0.07363224 -0.32305333 -0.08219947 0.020348657 0.039494388 -0.019891704 0.04122259 0.090774395 0.09975642 -0.051002447 -0.04502846 -0.38001794 -0.11327596 -0.2589227 -0.2983394 -0.06657617 0.16749717 0.2742618 0.08255724 -0.031129463 -0.40467632 -0.4681147 -0.5022795 -0.5017608 -0.4267226 -0.04454541 0.49285528 0.4809707 0.47766522 0.20550609 0.05355155 -0.19892356 -0.25246003 0.3446164 0.38914025 0.44058427 0.14860174 -0.30827132 -0.35549837 -0.41448343 -0.2583704 -0.076659665 -0.12586187 -0.42947376 -0.44013366 -0.44151762 -0.4867216 -0.49549744 -0.4731096 -0.38645768 -0.4344138 -0.045784112 -0.2888015 -0.21497871 -0.39273092 -0.3630999 -0.3333493 -0.37218276 -0.3472356 -0.2534889 -0.16203302 0.0025255505 0.13090296 -0.060451083 0.12281166 -0.030198729 0.5668684 0.56824166 0.6287752 0.3004621 -0.0671942 0.018378453 0.5121039 0.65582526 0.73986155 0.57932174 0.7557833 0.74401313 0.7738115 0.8925794 1.0 0.8947294 0.9132165 
NaN NaN NaN NaN NaN NaN NaN NaN NaN NaN NaN NaN NaN NaN NaN NaN NaN NaN NaN NaN -0.15000823 -0.4259186 -0.16256101 -0.20821306 -0.26256102 -0.25047135 -0.22114427 -0.19864765 -0.12956457 -0.20017897 -0.28410605 -0.16005121 -0.20312402 -0.2099223 -0.09775406 -0.07452283 -0.11451923 -0.025961002 0.04938658 -0.06318269 -0.1358768 -0.2407454 -0.27426553 -0.27030104 -0.15931968 0.17725775 0.16513434 0.14922065 0.37261444 0.27559114 0.17546304 0.07158862 0.027843194 0.15295784 0.06222152 0.26093325 0.20827983 -0.03192697 -0.120543726 -0.10435392 -0.062016718 -0.04839047 0.035450075 -0.12415578 -0.20621476 -0.20496956 -0.22664703 -0.23112103 -0.19325534 -0.13458346 -0.15489058 0.016740479 0.037031297 0.005718599 -0.11241131 -0.13562022 -0.07884528 -0.1131112 -0.07622279 0.02935543 0.11339181 0.19015162 0.23496182 0.22771327 0.26626325 0.2602698 0.5115215 0.25120997 0.38342956 0.5530631 0.205188 0.30328503 0.5137873 0.74928975 0.5738605 0.30666286 0.6623941 0.4273812 0.45505324 0.9344448 0.8947294 1.0 0.9356322 
NaN NaN NaN NaN NaN NaN NaN NaN NaN NaN NaN NaN NaN NaN NaN NaN NaN NaN NaN NaN -0.02377018 -0.3364037 -0.13670385 -0.10575846 -0.11882114 -0.14016762 -0.09649227 -0.06847747 -0.036609422 -0.14858894 -0.17271559 -0.3424917 -0.1488072 -0.2524113 -0.2703328 -0.17325966 -0.024783766 0.07378514 -0.010555109 -0.06158251 -0.31920552 -0.36843726 -0.3818318 -0.38258445 -0.3132604 0.03431204 0.33362326 0.3218059 0.44343075 0.2303902 0.07632444 -0.08338584 -0.16010357 0.28117862 0.2176966 0.33909842 0.1662923 -0.18915763 -0.21003251 -0.2954262 -0.10584081 0.014677542 0.010248317 -0.27723226 -0.3577137 -0.3420944 -0.35467166 -0.35638413 -0.32762858 -0.22005193 -0.26281247 0.0446661 -0.16652061 -0.06948584 -0.2629918 -0.2891015 -0.22119212 -0.26152858 -0.23646909 -0.11253577 -0.0354693 0.114856705 0.21761589 0.04239655 0.19467738 0.01573044 0.5156729 0.42571336 0.5362019 0.36744148 -0.01024848 0.08006127 0.5542079 0.6768545 0.66672385 0.44402602 0.6438067 0.568617 0.6067901 0.8739334 0.9132165 0.9356322 1.0 
