-0.09980199412419544
-0.13553035289159593
-0.12747895613629762
-0.13822015596183168
-0.14035084816869436
-0.13574017920899537
-0.13763249237554095
-0.1380610607494332
0.07637193876486184
0.16044587443487027
-0.12031489995902328
-0.10737905687499832
-0.002522020602391005
-0.1337120004325731
-0.14062561686036684
-0.11393589544982638
-0.13566853679059349
-0.1383986696988953
-0.1320021907281477
0.0039007737216028293
0.17251651424323727
0.1683821065505304
0.16843921400302264
0.17211194651363143
0.17548349459259246
NaN
NaN
0.16520939064220047
0.17293667081164069
0.16551032551982708
0.0817085999141558
0.15951571242113288
0.15675085753521245
0.03402306470769769
0.039283642845410624
0.07218849832431229
0.008768499377636381
0.1440918870511941
0.10017429387941404
-0.13122396947563036
-0.13720268279260484
-0.12606476867391303
-0.12083620424547104
0.08128344776664889
0.14599008710744169
-0.10859088041227355
-0.1431995030783125
-0.1422514781507132
-0.13365643653534323
-0.13871597970318159
-0.12975892945962952
-0.0350026814206074
0.15240471419635787
0.1526510533545727
0.16044487984973438
-0.022152423520611635
0.14336039253166716
0.16747845672805678
0.12021975694668835
-0.07561522985365976
