-0.06266622830207823
-0.027676551711329957
-0.011408009137191047
0.011848224569068783
-0.08547260460793336
-0.10080981980496542
-0.0959485193078211
0.08601055613250286
0.11545223827062183
0.10687752321923472
0.11750987493384782
0.11472106832673172
0.1149309274720696
0.11651156650043411
0.0932466017024305
0.05314582065011732
0.09716261567751973
0.12245001560014884
0.1060377278925825
0.002486082415751633
-0.046695976802244715
0.04256154659443559
0.12129313411592696
0.12094638891533792
0.11719361043140072
0.11711877989103374
0.10055117662054479
0.07519962401756163
0.10964461923593703
0.11074481750917374
0.11553682422343459
0.10892866893826943
0.07291484840035108
-0.10390857462477096
-0.11497108503302939
-0.1117877111856271
-0.10785603481254272
-0.09206071950126278
-0.022181536859163378
0.08419148505223098
0.06429158853652522
0.04152219266075566
NaN
0.09395424702523415
0.06741942685253083
0.03886836087657654
NaN
0.06593059890269076
NaN
NaN
NaN
NaN
NaN
NaN
NaN
NaN
NaN
NaN
NaN
NaN
NaN
NaN
NaN
NaN
NaN
NaN
0.032689172381023465
0.037299211686874154
0.037184596967985636
0.05373394378575137
0.008734085307852392
-0.035948136160418864
0.038201452034599376
0.06388935107266208
0.018225930456557148
0.043359538120611954
0.09258358426542214
0.05970498011628088
0.07689332915264575
0.0034611033286943258
0.04304110065481942
0.09217541214953123
0.09250441361840253
0.10057239248276202
0.09824899832448028
0.10355735878903892
-0.036915753748183844
-0.05441013724798363
-0.09880795655797996
0.011872617692776404
-0.027857669469465718
-0.022093211529964036
-0.11950403701749697
-0.1100764138339425
-0.11726008854772388
-0.125823719223754
-0.1157371362288517
-0.12650773882778313
-0.12688858320256413
-0.11972456838853104
-0.12450499802748126
-0.10679298707193052
-0.09541175652233054
0.07996604600647701
0.10421250588633442
0.10923396420867618
0.11312431640299372
0.07806386117574056
0.0452353950083724
0.07657605489059056
0.06265429897462055
0.01959036702230718
-0.0586749584700358
-0.0573782471491551
-0.10489501962393148
-0.08933591262413125
-0.07076258703102997
-0.048824001207702736
0.08350520080655797
0.05534546672991032
0.07704535906930972
0.08939367103613645
0.06461177738308159
-0.061101634250033995
-0.08730720953422372
-0.09087674114451999
-0.10188782635488033
-0.12203319541074319
-0.12329324562140968
-0.12875274669041817
-0.1198375121645652
-0.1122337775506322
-0.12211929685370478
-0.12054777866088202
-0.12735593698864128
-0.12451098537773193
-0.1220202591571339
-0.11572007883864716
-0.11302871402552721
-0.11488145504888668
-0.1209247040755675
-0.0876815520024104
