NaN
NaN
NaN
NaN
NaN
NaN
NaN
NaN
NaN
NaN
NaN
NaN
NaN
NaN
NaN
NaN
NaN
NaN
NaN
0.10071423463381778
0.04184575861703572
-0.06241021909135287
-0.04503948647403322
-0.09166943499011716
-0.08245781641521438
0.0707640708843266
0.12874509009965712
0.12828413851764262
0.12784321602803467
0.13575861607491235
0.1333348698293339
-0.09322236816377545
0.02423472138238208
0.12037662120082314
0.026390192801033788
-0.12240698094821185
0.0047432871611837665
0.1322653825241741
0.1330848465854017
0.05334995384380708
0.1073647139783459
0.13834151498182157
0.13134656708029793
0.13450200799879275
0.13103604764602803
0.06447528774734794
0.12813334399524104
0.1262588901821156
0.13480314771700988
0.12839634305313055
-0.13248916931973476
-0.10764099884625881
-0.07099496301258562
-0.09112699998134052
-0.0016125049936003926
-0.13528135011619322
0.019367129762749586
0.0734370643655239
0.026766651970667982
-0.08108232322733205
0.06940852713832797
-0.013122265955328949
0.09078037726888477
0.12626744065233866
-0.134164305000412
-0.13851832617711302
-0.0739802256304441
-0.12460414166809941
-0.13680374467574274
-0.13752209509639818
-0.13568687482711198
-0.13403364902197554
-0.1171103859709571
-0.13790603591193254
-0.14075467540879563
-0.1423892848871195
-0.14161377057881883
-0.14136082230275845
-0.0425794289232707
0.1054475149910346
0.12298582615385283
0.03209594050269726
0.11957007810116647
0.12456209761123156
0.12613551785075322
0.12552248853154246
0.12507082326035043
0.12624232934555366
0.0955698835691281
-0.03397970490461515
-0.06316682102798128
-0.12081731406231984
-0.12751974248558073
-0.13114609656619894
-0.08787767102975486
-0.08431017224775249
-0.08122023873196774
0.05212770188833619
0.11298799787960374
0.09114006937986766
-0.07142174741462613
0.050059520176614004
-0.09142749651477076
-0.11222005669609238
-0.09399738598854307
-0.10086354227389766
-0.10260321213711274
-0.08978199526667992
