-0.0828457311269677
-0.10212830303096461
-0.11979552552238452
-0.13480735976704633
-0.13150622051495892
0.09061556699393793
0.11261430687601306
0.11718631171867658
0.09938639667792847
0.021538660994800105
-0.07852039260642232
-0.14230649888717756
-0.08569933177061517
0.09245606932413063
-0.1353150150792938
-0.1411447173968426
-0.12790510046586795
-0.05782482933380627
-0.09981841365132625
-0.085767419672817
-0.026333987636543613
-0.1399926251360241
-0.13281786614799898
-0.14010719537140592
-0.1008341471303183
0.07336534124581291
0.11797566634099121
-0.07109877679849463
-0.1416968204505123
-0.13331679638032634
-0.1266507571759703
-0.062027935444542825
0.10612483059863667
0.10360056168929521
0.1319320188743481
0.11777997022528679
NaN
NaN
NaN
NaN
NaN
NaN
NaN
NaN
NaN
NaN
0.0594190432075517
0.03639736843912058
0.060360854436634595
0.07456965138350417
-0.028318625608984113
0.13578605943272026
0.14476631681463492
0.008743093759305836
0.14798436064941228
0.13467568151937023
-0.05612812239286556
-0.12614437449368876
-0.005227946903862858
0.1521371253872909
0.15638319255321154
0.15358688826429973
0.14923585825346514
0.1531074399923618
0.1495210099791706
0.1529094412305756
0.013263666275533693
-0.1359428245601757
-0.1435582251751031
-0.14626015600647174
-0.1417412872893735
-0.0912927929367881
0.019163730106645124
0.14357496193407307
-0.011083059522823478
-0.03980227701464449
0.135974245032714
0.12954432686669692
0.1293899486412982
0.1459698999743002
0.1307632922896849
-0.03589635498021154
0.10803638873879519
0.11549771651741234
-0.06251061069165485
-0.12509754952804633
0.018014651036608684
-0.09013751924989728
-0.11676825721243274
-0.10852084896838017
-0.07865931524221742
