0.011561671656456815
0.08539027926599513
0.09063443946045482
0.07944777945019157
0.10739777018536517
0.04382950845608596
0.03058251730495915
0.10475046932404483
0.07464780229024923
-0.11037021617896353
-0.1539773305207258
-0.14463180132390174
-0.15659923250397123
-0.15257053509458357
-0.15562534305478692
-0.16124290054764462
0.03890500383612646
0.09557364298722293
0.10746756322873505
-0.017423434603217148
-0.12225105152691298
-0.14885837500879978
-0.13454801675831274
NaN
NaN
-0.15244522982734807
1.1725033897774448E-4
0.10913820755550516
0.10750267363523772
0.1107376033628984
0.10349355650174444
-0.10389593287347607
-0.10670472030063877
0.028519326129373655
0.10352663856199049
0.10278130009686517
0.1182834293867081
0.11824217880335025
0.11238734936578937
0.008574285092423313
0.1137645392209215
0.10878246090935473
0.11881674010250659
0.11297762887122365
0.09070613368876601
0.10789603199766229
0.10173669703690452
0.10759742872501157
0.07800115529348953
-0.1370113773388712
-0.15350590805012262
-0.14461993297542214
-0.15147108505629467
-0.1401709225242762
-0.1441944679146434
-8.745949809933658E-4
0.0982271014727436
0.10592982139780363
0.06277212799330842
-0.08364434736082468
-0.06613277504723825
0.0038900280229521994
0.08864846627992676
-0.14602055762110258
-0.13982263281236718
0.02998606147322303
-0.10653847376439854
-0.15897010434834896
-0.15630889384185168
-0.1554194952688322
-0.15390053936426573
-0.12753196995642033
0.018107090967790465
0.10270222235064125
0.11173783310468538
0.10483958069386964
0.11008519829315108
0.06288454416075023
0.1006121336466052
0.09063449753099717
0.04885148121875236
0.013602947619765465
