-0.04271302636151716
-0.011596911456464302
0.09942430550366321
-0.047919355140424225
0.0366693551796817
-0.06989858403574085
-0.09916606588324063
-0.04409190984486224
0.08618530787451441
0.0958746363240563
0.10398207951170986
-0.075755044601129
-0.12247748063810444
-0.12238107866895911
-0.12194183050192202
0.006542550222682499
0.0664534881790218
0.031786045962541844
0.042855066000974155
0.09443528157485855
0.08746913590916017
0.04249615840026169
-0.03959551696189709
0.05078540776644351
0.06981764836146946
0.07633422318154806
0.04427804036591969
-0.07150210742130919
0.06551525240374012
0.07622667261690598
-0.07043571336704478
-0.10115640978557675
-0.06284702063754762
0.0753794704346407
0.0539199516922727
6.846465802317733E-4
0.09020663716738674
0.08357667692401566
0.05792864919442608
0.04727985750381678
NaN
NaN
0.08473601693452769
0.03896983102381954
0.04881192737799493
-0.025009208178051037
-0.08192394274767878
-0.03790345820409033
-0.029082144398974955
-0.11570453893784007
-0.08942932000221558
-0.05004757690900945
-0.0014872902295288795
0.10693950512708816
0.10666965967124335
0.12202179011558563
0.12178927318817312
0.11879468839528297
0.11583430491431775
0.1191468935377781
0.05574116107756179
0.0700849974384175
0.09344262657686607
0.02566778865341025
-0.07994725327594109
0.006069246219234393
0.1261021099513376
0.11574984474568834
0.12177294910444711
0.021958300431814907
-0.12045209119004935
-0.10686450462906971
-0.11469530238862168
-0.12270247253596275
-0.11909846103023908
-0.11700407909932566
-0.11870596539916711
0.03253996075105121
0.07555151106962242
-0.07195044622829692
-0.060564662935718286
-0.08228304137087372
0.06237561230696036
0.12475678312670536
0.11923747894893387
0.08926176339265358
0.07828409150225853
0.05985084195648764
-0.11842165868899315
-0.11551483148612897
-0.11499597073764956
-0.09869637718026994
-0.05796815500242492
-0.11689542991130202
-0.1282092372533808
-0.08748712262310393
-0.001146481167032465
-0.11638413647511224
-0.1305640223641386
-0.12811577345632022
0.025536772545928687
-0.1288628672007075
-0.1254277352356977
-0.12002549861549879
-0.11834757260920753
-0.1292674677844384
0.06042446891350971
0.11869168574910595
0.10104356657222997
0.07229949783842878
0.11337472729398176
0.06827676165568215
-0.10269434307178431
0.07943187232223912
0.0035588232716929624
-0.048133190033385134
0.0212444375348897
0.10551373340392801
0.08363096126126195
-0.0301608699154974
-0.09506630673580764
-0.12012673687568759
0.009302943100689626
-0.018222105849128218
-0.07698813182362296
-0.11691322164687566
-0.10815136993035283
0.041806394219781044
0.10107125931061775
0.09074473015825855
0.08137393969556064
0.07566379528207769
0.08500662018441235
0.06472573657845895
-0.02039805427388092
-0.02947174632411746
