NaN
NaN
NaN
NaN
NaN
NaN
NaN
NaN
NaN
NaN
NaN
NaN
NaN
NaN
NaN
NaN
0.2092747942489971
0.1911684180447711
0.0727663701843197
-0.010312915488005604
-0.11760444690686463
-0.14739077278990376
-0.1721151343920196
-0.15866095431925434
-0.16028401229548112
0.1200868510399322
0.16394046497565604
0.2326347001310723
0.23756196157476187
-0.08098338167807168
-0.19111788600106094
-0.16645117155742276
0.0940981400659418
0.24495959448546353
0.2581543085377827
0.2287493567785155
-0.06455273035552672
-0.1977095283892178
-0.21320210508350065
-0.19619433203263406
-0.18018100172547413
-0.19228214925980577
-0.19894836694650964
-0.11026465701897044
0.01270643598405067
0.017601612090956027
-0.01422933593203798
0.16599202647052594
0.19818077176444773
0.19842780012082528
0.009423163464380067
-0.08324188779063788
