-0.022360938338243954
-0.10873867059600992
-0.09853926084391859
-0.10778732529357665
-0.09914512729698348
-0.046561953208743706
-0.1142711652349589
-0.09554882085916691
-0.08832244075383151
-0.05694612468064572
-0.08241399070505927
0.0014460378676439817
0.032641603610830607
-0.008499117654990566
-0.021428032747879383
-0.07859348095034602
-0.025160445870022245
-0.07032347236996929
0.02545463741845691
0.03909388286924876
0.02011952345796751
0.026363461873159334
-0.007355188496846712
0.02950760061949785
-0.05059542098195082
-0.10017931566784437
-0.10403690360638072
0.00503942648530363
0.04293077064293832
0.03893871377919512
0.016375562266362394
0.02725920547102873
0.035891585703811804
0.04066131984523468
0.0518443992303106
0.03501924903724155
-0.07970622541628458
-0.09446023863956635
-0.10539463582650369
-0.10142213963793217
-0.0982561294250811
-0.08691415277225727
-0.0756946175540184
0.05230533029180399
0.02801523184179592
0.041111228632942205
0.02751981132049889
-0.06944842323398286
-0.10617612077753011
-0.02317001646756669
NaN
NaN
-0.016044598812938397
-0.06060058494313788
-0.10783448122071043
-0.010872947540130375
-0.08608917293002984
-0.09590306930094236
0.06611289665026297
0.0829214365145535
0.07299400419864753
0.08685380669301888
0.07917453073852887
0.08098502653309828
0.07959456807861275
0.0854731525295315
0.07851857505311127
0.08151673657955198
-0.006996814930535079
0.010947608473966608
0.0779464882168694
-0.050908237558959374
0.08386180447020017
0.0787473213158683
-0.04944105446020615
-0.06535742507319506
-0.10628597455433629
-0.10262350591282676
-0.09611376228042227
-0.08867871828694772
0.0773842054785514
-0.02255752588512852
0.02269357186501165
-0.10684712636250802
-0.09614683888265711
0.07886581784871981
0.028889738240735915
-0.06584561180221522
-0.07350687202668461
-0.10188923693443185
0.05186614165451348
0.09012893820292389
0.09463338777768802
0.09204150142295406
0.07561002231875419
-0.007455037069678502
0.06270152823565517
0.09574575732830183
0.09135990951289626
-0.08045914316958602
-0.0372677526543936
0.05802311967614353
0.024834888762466617
-0.095999916171259
0.07811835997802345
-0.0686648508998987
-0.09263359093870592
0.08290727466978903
0.06304810879953406
-0.028221486525531844
-0.09574675627433175
0.034679889001743416
0.08876299942564203
-0.09796463892560801
-0.08467378966484983
0.08179770894955317
0.047793094030181074
0.08942737914217279
0.09352841605317917
-0.031183255919089874
0.04106843805290561
0.0840684874371126
-0.07546066582633511
-0.09680307319496535
-0.04285342888790743
0.09223289839080598
0.08808454270928957
0.09168858413070245
-0.04842572811677019
-0.10073958487104119
0.0843332613305578
0.09094948726390674
0.04585594115165959
0.08526447521431245
0.08814725722698821
0.08823597818681843
0.08749789303254014
0.08125258718766792
0.08073983393715872
-0.06101401721762873
-0.10805888745692799
-0.08277680030206454
-0.02777145385525375
0.05760130915682672
-0.053825542954818104
0.018843275964602835
-0.10348577534903855
-0.06841071493842055
-0.07212093390814273
0.07984789477141685
0.08705042156958172
-0.09012628117420675
-0.0960657184784616
-0.1044611070076254
-0.09711783324358177
0.031238272701446475
0.027094397596801247
0.07760067659218241
0.09298851998463194
-0.0537165454160719
-0.013283007656647458
0.09261981446928998
0.052931570248364576
0.0829998502947305
0.01598952073843609
0.043523229765167336
0.03744930958970235
-0.012260075698472659
0.09131623886158936
-0.05299049204905313
-0.09430275023429138
0.041803802514107535
0.06335005735394397
0.08194141047804225
0.008340289385687824
0.04407274664939258
0.08095949956977021
0.042480617877361584
0.07177171608802496
0.08892871858337399
0.06921494646585614
0.08036987430332736
0.07457034837661729
0.017945685390053978
-0.08282192939414203
-0.10075806208617441
-0.09084029577506458
0.03134578185180946
0.05929785258415597
0.054964240171907194
0.015446056019307637
-0.024591528993089282
