0.0773067461654504
0.08730287042253247
-0.02075421226617534
-0.032539264321067414
-0.03876286929713898
0.013786596129200229
0.06937813791184427
-0.025511808379911176
-0.05237628230400789
-0.004012644904888694
0.08752432984647479
-0.051668710729120715
-0.06984349416316848
-0.060526533090247456
0.08799991923238895
-0.05010525868088554
-0.01572782161021158
-3.319826713876683E-4
-0.05933678338088369
-0.0896981548649664
-0.08959175012161101
-0.08037167456227523
-0.08959853634524576
-0.08056090303883431
-0.07365363492702233
-0.07041769997281543
-0.06970151787508243
-0.0783415726241382
-0.07478976322195259
-0.0804622964475903
-0.07762645031715372
0.02195785206021711
0.08573175101927404
0.04793841455496113
0.06795508975336513
0.04575677361199311
0.08234725027508327
0.09943793388346144
-0.00440067111459763
-0.03627639197072331
-0.001723479356947646
-0.03395458052972455
-0.03975988137756786
0.06713598265615624
-0.047889152680836974
-0.043166109984089714
-0.029480210958526223
NaN
NaN
-0.0024667036984873927
-0.08793032180271322
-0.09523895885965251
-0.03504323189782426
0.019035658875929968
0.08851295027383174
0.0995774242813109
0.07979623334973387
-0.05893879329542537
-0.02769275257889489
0.019587318667085678
0.05638603898897221
0.006517976837926549
-0.1015918372047599
-0.09944856750628477
0.06886975190584474
0.09684780904339481
0.05823831894629178
0.09825353407829791
0.1056298926016359
NaN
0.10501111072227887
0.10007421465004732
0.09489548626745146
0.10024588028471451
0.10523339613515183
0.10714182710349467
0.10887305594002394
0.10880995427999668
0.10921931844780239
0.10811241347246864
0.10701054860478068
0.059250196500928914
-0.019821887719538578
-0.09574664852882217
-0.10583026504332352
-0.10354324613359316
-0.050702892808619386
-0.09462407823793205
0.08431581426784271
0.02427868021191424
-0.08233107084460485
-0.10447554496855802
-0.10537606122603663
-0.06239239604570834
0.07274239836444474
0.09951838703100645
0.060637932136933935
-0.10383423225089403
-0.06852351843883842
-0.09419989704754828
-0.06176491147898962
-0.09637382142801676
-0.01096952848572239
-0.09745247721183112
-0.09977664417194818
-0.09647917828832352
-0.041062465063943655
-0.026033047787750077
0.04536280690230017
-0.09393836355669163
0.010286235086606872
0.06218409459498281
0.03878596594081448
-0.10129572024847987
-0.06027098171483307
2.9601635132752574E-4
-0.07905382639143228
-0.10042472125961475
0.014704121693470665
-0.09720809949596926
-0.09480275697000033
-0.07868058592163057
-0.015425940731863113
-0.044166309695305245
-0.0035943772111771376
-0.06439270660758681
0.03752017739224182
-0.06602131816284545
-0.09982253521872984
-0.10247138336630025
0.024700665140597877
0.10191798612839727
0.10865746692933155
0.10792601743967445
0.09167011270762586
0.03439391973326089
0.02773752730687333
0.10446450066295422
0.09832833084360641
0.09629636199450928
-0.014145089033990704
0.09040866891969108
0.0848739878395417
-0.03433986810149904
-0.09891857023620299
-0.024392509598146254
-0.07863027670768578
-0.08387504308729618
0.05558794940401671
0.11107322519568542
0.10315336098151806
-0.019796575579542043
-0.09849272178396266
0.02549016240411823
-0.014382259230616203
-0.0828948858649844
0.06958514483474629
0.08839589433471036
0.08683962207433453
0.07875745410598056
-0.02101380731097502
-0.09704877672587331
-0.05980136283908451
-0.08463013341680703
-0.08753223982912504
-0.09363685388190998
-0.0933912670262755
-0.010621461832396218
0.03169534842689169
0.07181336708415768
0.04206631534883291
0.102922959335521
0.102532965450587
0.09286833565387816
0.0323121288140441
0.09718965911560781
0.10500426037579304
0.07599900090120705
0.006165732262372111
0.08030199185336198
0.06728739542510054
