-0.11099505872526275
-0.1265659096673762
-0.10961577951262112
-0.09862665047129623
-0.12131687486298903
-0.05878510447278429
-0.12277905984748735
-0.1129373277267114
-0.11283147271186286
-0.10483615128056822
-0.061460078383426354
-0.04155063583162436
-0.09519083982906498
-0.020942602374495335
-0.006391886139468256
0.05129507056566935
0.0780380114153103
0.09008118831748387
0.08663611366858238
0.07815955173253289
0.082652276513473
0.08093641149032522
0.0660269367875143
0.07778980012016984
0.04577037124692873
-0.063925121861095
-0.0888755989475897
-0.09328299254526518
0.06339233810446587
0.06087305637131922
0.06896079821104406
-0.06181316382223024
-0.021367463266449994
0.0829547049431079
0.07011747310556456
NaN
NaN
0.07164510074864805
0.08590233585260888
0.07679727760326743
0.08478887761998359
0.09740706118725287
0.06986632255953884
0.10125894461283595
0.08585038484084533
0.0889455334888597
-0.04814967299944414
0.024406555813271696
-0.10184666429193234
-0.1000684575946877
-0.10136381976806892
-0.109038657948358
-0.09530324812620188
-0.10984290301120112
-0.11074000738130599
-0.008918257152108776
-0.10114954323736357
-0.10403336438486603
0.02883685089428816
0.10547099364339776
0.10429339375784859
0.09289817944013944
0.09933868609899395
0.10178456526136515
0.05318745712895839
0.010822694624534045
0.04664077395332823
0.08084312922445028
-0.05560579433656099
-0.07827315722144076
0.09135050144671479
0.10521749492787999
0.09370048087568417
0.09926016466668358
0.10661042076233143
0.10042400043620626
0.020104545547418855
0.09940030424049802
0.1054216129444484
0.10173932144907002
0.06941225310883307
0.10407695433116487
0.10139738983034983
0.09764293992551897
0.1054747914036365
0.10024646509018743
0.10492541108508309
0.10602751045496485
0.09870861465965754
0.10049250797650666
0.05681250916237944
0.09731214207228787
-0.006606371714637257
-0.07976862575321733
-0.09021646836102573
-0.09954476330802986
-0.07889789925506605
0.08422569992483359
0.07183272980583462
0.08150554399520774
0.0736075576911559
0.057316245833662655
-0.06458280320209321
-0.06604162861860695
-0.11598588224596354
-0.10759395625084901
-0.052764043435715176
-0.07073671505324589
-0.11065675031202263
-0.12155565661756403
-0.12207491113987912
-0.12248448309457685
-0.11974671027883158
-0.11495198718557857
-0.0215418640551647
0.040890732457573235
-0.03820921932638815
-0.0801836362376263
-0.07808111016348254
-0.022527631813798955
-0.11385921192622703
-0.10177305087461368
-0.10258459637938572
-0.10547518069480283
-0.11388844639578004
-0.0686510463282455
0.07498800571774623
0.07999350619564054
0.07162090680675183
0.047001775203121994
0.055805683165661576
-0.051904419497935936
-0.10402394599377313
-0.09387960889526524
