-0.08286042315404367
-0.09353886399509445
-0.05492309658031617
-0.05196704021248396
-4.880065512420217E-4
-0.003633655775292839
-0.09156216616476635
-0.0625708992128332
-0.09091906284086541
-0.09087311993577125
-0.09732243461265402
-0.10104035609350669
-0.09370138556887511
-0.026784524772562282
-0.03373756757858325
-0.08260457883233539
-0.08838364620821156
-0.07466875412242086
-0.05079654736834254
-0.09407814778384624
-0.08920064113277967
-0.09562080792171819
-0.09553087144968136
-0.09673819703627948
-0.09034290994266649
-0.08494129856023758
-0.0885508913596834
-0.08201301763361414
-0.0799052475685875
-0.09117560245643581
-0.053687565346765935
-0.09556295516861202
-0.08720527610409039
-0.09556041853231648
-0.04368501511294257
-0.09157151975562244
-0.0943052285227006
-0.07232797917738583
-0.09559415558546319
-0.09294613850817293
-0.08345387670016925
-0.08800770410268553
-0.0816240735484332
-0.09236436388546534
-0.09220962124275775
-0.08851510871913129
-0.08368627735314974
-0.0450698518451589
0.022982872150060552
0.04757047279315109
0.049308432859666344
-0.022329255687540538
-0.07745554751700877
-0.0877307487317172
-0.08532800108427552
-0.058266111511884225
0.028322507097038423
0.040081566278280474
0.04312882134642805
-0.018619986343458652
0.06849350604464029
0.0710259163840769
0.04310114671051688
0.023801840837351994
0.062074827351429905
0.06454559383528932
0.07235427895175593
0.041058007546026884
0.07942908756774064
0.08074152919796712
0.07537393933657532
0.08464570350496425
0.08556797383828949
0.08477620217980092
0.08618046760817731
0.08590152403165621
0.08155819182274344
0.08507410600104251
0.043260865065147404
0.08128289468448721
0.08517265232070691
0.0829992371757855
0.08313081574049505
0.08321069401323657
0.07925378323447163
0.0361573795241461
0.07740469551288172
0.050152329192167985
0.07928687715753474
0.016834665565342563
0.02010552970434933
0.0647453350363516
0.020679442908512372
-0.04560795014719385
0.02102030066008444
0.07025403776095183
0.07197456861647317
0.07764865634766485
0.07630826515263771
0.07695067198542549
-0.0069800137045300005
0.017452625495859884
0.07650693245352376
0.07619664884604242
0.07599496680783537
0.07677884991531027
0.07543826994287997
0.0733402492173829
0.052877145932551536
-0.06906792869150347
-0.08524648877501925
-0.08340209455282951
-0.06838770005646067
-0.07116586104607071
-0.06070741091653686
-0.020706415374007615
-0.019567635677178428
-0.05279137410153285
0.025146556621873876
0.03393877959678585
-0.011246397195032851
0.01936076839642235
NaN
NaN
NaN
NaN
NaN
NaN
NaN
NaN
NaN
NaN
NaN
NaN
NaN
NaN
NaN
NaN
NaN
NaN
NaN
NaN
0.0029875496276786867
0.015447296265347375
-0.028288482610099485
-0.0469527797504851
-0.04453985477452323
-0.04993680042136583
0.01027369901935184
-0.025426435882040244
-0.07555304239259106
-0.08059299715810068
-0.035293279461466175
-0.07812067612204024
-0.07974723853441419
-0.07396073632471861
-0.08047821803343366
-0.05937064815694034
0.014942360487593932
0.020490330124864564
-0.05973825431636113
-0.05873565628830038
0.03204101434525883
0.07432893426750056
0.06777206590620886
0.06372688574991468
0.07305441623498225
-0.020121086007492385
-0.00788116674802124
0.011714436579862837
0.07530955936456481
0.04719695281333064
0.006612285920239648
-0.0033385198375613947
0.020306881662046753
0.04427417360732183
0.07465676600979843
0.07268314445420052
0.07468770807981105
0.034354976288934816
-0.026553947544408287
-0.028857558980198827
-0.05202201684657421
-0.04407493191354969
0.03592029865364237
0.07333003103587414
0.07419906543763545
0.08153006708678198
0.08239375966315197
0.08130266492437804
0.08096565200816931
0.08110892429742785
0.07193319250621914
0.07378229241544132
0.08104284178356332
0.07999693376271409
0.07977251789710574
0.08073335493739064
0.050986416584743496
0.06726104809475503
-0.03822414676924048
-0.09240002657124292
-0.09259353540030366
-0.09084115444794674
-0.08760301652208963
-0.08875617107804462
-0.0632080982797378
-0.08227550843122693
7.994979516944278E-4
0.02411478279399336
0.05031952236970708
-0.024908929264872513
-0.06496066172659998
0.04562317636065598
0.07624321875711261
0.08123231888362248
0.08040560160973607
0.08126989728703307
0.0804629520399065
0.07960141418312205
0.056147335997341015
0.04133240633800469
0.02572691333349349
0.020956547190864535
-0.02751517665398843
0.041726354788835164
-0.06560452522542372
0.001555927009886702
-0.03207589557607793
-0.0525871971237641
-0.040610170017338985
-0.02529678713450352
0.027245248622237067
-0.01576832695246585
-0.06084984096920892
-0.07401792213863612
-0.010752884734952589
0.0733640372482733
0.07569477341107096
0.07357985274982179
0.07283383055686674
0.07325010137081729
0.07140675170063533
0.042384362410600104
0.020406755029033618
0.00569189358176271
-0.009302776377700973
0.051256516033089984
0.06698746227071947
0.019490936612852106
