-0.10934002697944717
-0.15052518557046915
-0.16077111861313303
-0.1630133406345641
-0.07831078783141397
-0.04042841434333189
0.14764670594074572
0.15319414406244625
0.14108585894149087
0.14654064017530238
0.12507973326021632
0.1466942505641511
0.1511697746724691
0.12585701259196244
0.11203471675090972
0.12142362320180808
0.13776200348955042
0.10605399587000819
-0.006777689519544396
0.08890421653723674
0.04935462789392962
0.14994981626772952
0.15222089096229544
0.11174060490862887
0.11750816130917797
0.09843465892036926
0.1339403024513122
NaN
NaN
0.10975285324317242
-0.10135264821631634
-0.16090091056731293
-0.1667596068820974
-0.16436307142907947
-0.1676300144718344
-0.17025809355282745
-0.17320261816364485
-0.10630401965438545
0.10395632434712196
-0.017018474458028714
0.057750957560920156
0.09543904751423397
-0.15007756244174342
-0.1744747135093836
-0.17325381738142986
-0.1660827725250883
-0.1662472172451661
-0.1649896633818148
-0.16737371442906146
-0.13052351355343006
0.06970748558220848
0.14222552371342426
0.01568691616418451
0.1448927748176067
0.12836139331212404
0.04937317527991354
-0.0908508260702107
-0.07406704518994085
0.09365505813768957
0.11208505014963513
0.031106666149894647
-0.14956046807984832
-0.12613163004932074
NaN
