NaN
NaN
NaN
NaN
NaN
NaN
NaN
NaN
NaN
0.05591784960675649
0.21674404705561576
0.1979354245284776
NaN
NaN
0.20694419716831713
-0.013371663419869752
-0.03373255655419841
0.11084071293835593
0.17015567750357669
0.10845838150483883
0.20784215644926088
0.21694334551014657
0.20972572886598984
0.2185172130334795
0.18092785594655644
0.09568784402319497
-0.14541632125043027
0.009403474843096352
0.16999237606283407
0.15364259098315036
-0.12005412003441307
0.10544169898384992
0.02737107836996095
-0.10822936365538183
-0.20215299441514856
-0.20876594742090526
-0.2122283398842494
-0.21586088881102797
-0.20821962922628554
-0.056778202917044045
-0.0730262470662662
0.09778104336269558
0.031984586231144925
-0.2112435000012505
-0.20187272467956957
-0.19759636948437312
-0.21071304859815698
-0.18999060134876422
-0.1830047642039642
