0.0649851796873799
-0.10906456787939017
0.13784152378009815
0.15173816326391543
0.10476476262022928
0.041060158201828525
0.0350005273669194
-0.04039429305256093
0.11618855118811541
0.16216309334234374
0.1479069197102275
0.14047385250939626
0.16041077812725402
0.12183220331414119
-0.03836441501549736
-0.0595648677804524
NaN
NaN
0.011351543885679091
0.08033673907297277
0.13793335786943148
0.1436493127126657
-0.038765629764850325
0.09317318196135388
-0.041681758051240345
-0.14621273427319245
-0.14532972690510126
-0.15001349135345715
-0.12301185130874517
0.10006358840619707
-0.1316127961979316
-0.11485863344255609
-0.005725571582589009
0.13995913338893842
0.04189205077618823
-0.11488489198440281
-0.11322134400097272
-0.13901944145170733
-0.14579627392953415
-0.07884583991211597
-0.12975489550182095
-0.1285614728044952
0.040674542729812815
0.13531695375764996
0.1447350571235561
0.13779147496588723
0.155399805324058
0.15513962431008643
0.12768663236310343
-0.026039972236230422
-0.14771310314280645
-0.07062039723029846
-0.04637143905613309
-0.14935661290117228
0.09956957332742981
0.1449335708566325
0.15275663295565262
0.06251036499378916
-0.12557530071873907
0.01830068632460167
0.138519438713191
0.006029581017507437
-0.14348199485907276
-0.1385125791238946
-0.135793032403079
-0.12979247012524803
-0.12497578046980345
0.004422511124045279
-0.14954850908224535
-0.14495091691381282
-0.14488120784168204
-0.11825315614073033
0.12191842427890139
-0.09120327768268881
0.08946369275533685
-0.09513258171539203
-0.044414270066727955
0.07930110393338573
0.074106805862467
