NaN
NaN
NaN
NaN
NaN
NaN
NaN
NaN
NaN
NaN
NaN
NaN
NaN
NaN
NaN
NaN
NaN
NaN
NaN
-0.01964032909216395
-0.13478527566620405
-0.1435900303968156
-0.08606337543141593
-0.04621035105524261
-0.14845768773979645
-0.14615826815259778
-0.09228688197784753
-0.13459856585510827
-0.15538992106213442
-0.08046207917735407
-0.15075476157993528
-0.14638969300477103
-0.08974988051507013
-0.13962944533984495
-0.027571522756313676
0.06820365013959083
0.0575188222883065
0.01989088694940992
0.08064228792153957
0.0014102293837510403
-0.12543257702014146
-0.15386731552311647
-0.153698692017953
-0.14855778567070727
-0.11284563449741898
-0.16216592308930414
-0.16348303625666813
-0.11379718224267682
-0.09620852107161346
-0.1508992583985605
-0.1612208716247319
-0.15881162089547263
-0.15954469204323826
-0.0462100577773336
0.08148429564449364
0.08696538701766582
0.09149714263631366
0.09193239516822266
0.10319137519563434
0.08735104840044033
-0.048208524044404094
0.08862675384350033
0.08840910385752822
0.09557184294254205
0.1085093496046124
0.11039501523060229
0.10105002919137576
0.07996717364005564
0.11196911167928818
0.10659523983106843
0.09837327781250167
0.09142535727911304
0.09713662512599389
-0.006677973130054724
-0.017825859938983234
0.07996166173596671
-0.007663271153410561
-0.08401702915239606
-0.010487741136415528
0.010187752454013772
0.002514039166893453
0.11472473036647417
0.11927581991683965
0.1188629839668179
0.10987880160071749
0.11910215179155008
0.1177025569106775
0.11091790969746822
0.11226523792408886
0.11322394877219226
0.11414685000560297
0.08473748256324228
0.07492727080181415
0.11172520596546011
0.11231382608828387
-0.033737872054145246
-0.00768885532686573
0.09457392073236973
-0.026696351046833447
-0.08595384799029981
-0.07825442841261253
0.02324959758001433
0.09612940561466075
-0.024510922721010173
0.10278435356918421
0.09414202248332391
0.10717026510971035
0.07502397276767239
0.09015827626074147
0.04224647362672039
0.016928947817577856
-0.061752140471180925
0.02583317156877654
-0.05161279095662348
-0.06574124655857656
-0.08351494661704047
