NaN
NaN
NaN
NaN
NaN
NaN
NaN
NaN
NaN
NaN
NaN
NaN
NaN
NaN
NaN
NaN
NaN
NaN
NaN
NaN
0.14390418529413562
0.09425022590591248
0.08989828275992558
0.13211613563734675
0.14085096251159207
0.13985823703680117
0.14257818212496198
0.14197033011177945
0.14104315600436473
0.11415930216185383
0.1299904176279128
-0.06538221671966574
0.07663231143451213
0.008248630993133135
-0.05038585927087554
0.058141218383938084
0.14834923495948366
0.15136330157289685
0.07358199789969788
0.05552550140097643
-0.11321954835964844
-0.11967615020326179
-0.12384144860835285
-0.12431520673650918
-0.1201548590814236
-0.03355738977205104
0.14792935359641218
0.14795013641485272
0.12466052727379305
0.05671885104157691
0.014275344045396161
-0.07711474539170386
-0.08150758627475532
0.12801315242474687
0.14794533306590119
0.13597649135667644
0.03898605887726352
-0.08707759774548399
-0.09030920772419539
-0.13234990109246608
-0.06306818479050694
0.009109999861497072
-0.04207093458242117
-0.1389247374710692
-0.12801075101775566
-0.13019364429571728
-0.1394379169697092
-0.14210753608342974
-0.14332265636759467
-0.12084355040159266
-0.13594264889621116
-0.02747134163499381
-0.141651319637205
-0.09875119776450013
-0.14243398235257454
-0.12346747238112739
-0.13655862897445736
-0.13735060276637523
-0.13681374276425734
-0.12841601183081452
-0.11282046015395475
-0.06112116793106599
-0.027331596656235524
-0.1045923090460321
-0.04347157886772075
-0.09724359193850828
0.09044011086538711
0.14050413252651406
0.13302966788700415
-0.0563640984445173
-0.11409760537139677
-0.10560918750450995
0.04227959610012639
0.03165831132842204
0.12070335243999959
0.14445012682120434
0.08606715156384427
0.13161294887751607
0.13250465242366793
0.052523290747384176
0.07752297626154189
0.027495228977356016
0.05356176527733785
