-0.010583156359160755
-0.025610826298612752
-0.054775031356479514
-0.07021128597421702
-0.074000132836515
-0.07963923281463677
0.04747173866600398
0.007617131906200484
0.11848462467288581
0.10408319940995044
0.10700701448839073
0.12473505102457043
-0.0038733998114078585
-0.08984071159384531
-0.08657409838292714
-0.07799980309875691
-0.08690217903322486
-0.01828389124335917
-0.06928658533753995
0.01783279572513992
0.02861931754856019
0.09736817859396094
0.12333817712898773
0.10927645746401672
-0.033164540606539075
0.02188278623499483
0.08652580073900651
0.12190002851858245
0.1190810095389592
0.11553996367150653
0.12362996587973411
-0.09836483915194177
-0.08325525705065037
-0.020928314208182242
-0.08451483743735588
-0.07486769910837314
-0.06751078017828643
0.09496399153563559
0.1245627159412056
-0.03810745070440152
-0.0365479344540242
0.09767094522693721
0.1047974991854463
-0.044789255596161905
NaN
NaN
-0.050821996242188104
-0.057825984624954585
0.07897990726728758
-0.06171662044607606
-0.11277282659753016
-0.11931603862747904
-0.05478130506833204
-0.0730736402931547
0.03238059623859976
-0.05443250813215277
0.06069132418031173
-0.04621806307335376
-0.034963697391227774
0.057196326089443576
-0.08863422657017904
0.09430339195552072
0.0053565733147988015
-0.10211653252128222
-0.08231700066768524
-0.009716337463417317
0.0775305792075024
0.10931011434499108
0.058389746798688726
-0.1092853890214171
-0.021554922998824784
0.08559096323825757
-0.009992888078223846
-0.043016515444410985
0.10369461768616806
-0.10365750882623354
-0.07514845423008568
-0.08253826462431416
-0.1047096761785674
-0.0639448250107904
0.0023249728835383525
0.09932125010492233
0.022105777690616637
-0.11261457821930314
-0.11944287985619347
-0.11647945185322982
-0.04360472345108425
-0.08921525679866907
-0.11610572242985598
-0.12300486315216212
-0.025115500782397306
-0.07425711898628397
-0.10554321561370054
-0.11082707824926667
-0.03627914496656215
0.12754976367667809
0.10791704059355205
-0.010149255311949781
0.08758024479011774
0.1277375101573509
0.11893142041417211
0.12749316139212968
0.1283100146755367
0.12236271313157518
0.06861067143130867
4.670971468228886E-5
-0.11082750957068899
-0.060429164734197384
-0.10803950207249784
-0.057627837114606534
-0.009677975550091032
-0.09817411904547882
-0.10152846197805465
-0.10102086126769524
-0.06480816764526269
-0.08937674353433843
-0.06028839718518834
-0.01754528786827183
-0.011077834413584791
0.07907908753519735
0.02202418093683511
-0.0033857834995059248
-0.09087641415093169
0.017407381503040473
0.11746132976517085
0.11920397571586813
0.11026502061989539
-0.017531665054239944
0.10563959406756229
0.04596184103771584
0.04036100370101149
0.07281086812390254
-0.05670125434063772
0.01808612138581731
0.09821263078983364
0.05756300854880719
-0.09376801790415157
-0.06017694145330723
-0.1120958627894874
-0.07569422148276601
0.03609406213949404
0.11936470754459988
0.12277012794510161
0.10776728330168568
0.11606075570371036
0.0925575863234542
0.07668292632699207
