0.10190365052039202
0.10524731681984004
0.1041500841420933
0.12004078965320454
-0.03786226112297762
-0.07620855390202799
7.081310446415533E-4
-0.05658061572006877
0.0766986015429637
0.10536623287698994
0.08420572202869891
0.0655071832274364
-0.01966205370064093
-0.037259926170940774
-0.04193519531732924
-0.0928624119282221
-0.08287752765373534
0.07321574895909277
0.10528689300220624
0.06651418876495274
-0.06577663967940892
-0.1016505285221955
-0.08219598840698214
-0.10208152464608995
-0.10398313717105918
-0.10288293125202147
-0.08784284669893692
-0.08567927112953823
-0.08909921018978191
-0.10094104916772906
-0.10299861437883062
-0.08425517716763159
0.028469209488002377
0.12258490750657391
0.1183625556723972
0.08345549328594186
-0.04338379896114666
-0.10212986951953613
-0.09861299534280984
-0.09447717514915129
-0.09410694870410571
-0.09513115665397197
-0.0943312303913236
-0.020650149283044126
0.05898102833490845
0.07588655056650516
0.12007514783212511
0.102917220812557
-0.07534886608464576
-0.09622763085431603
-0.07887678013511318
-0.03712929781412866
NaN
NaN
-0.03088277666225053
-0.07075469500711372
-0.10615251376642176
0.002498064784802973
-0.028904304395626624
0.07238891659796666
0.12576290178245325
0.12665112547319093
0.11822050995091998
0.11800509670569032
0.1106339304665883
0.09867721253748178
0.11283009969293312
0.11170261019793756
0.12375643390577953
0.10751291195658669
0.09675886647305547
0.12170270869540084
0.12621135337484052
0.12716639964392767
0.12489405081419422
0.12531346966117576
0.11939427525796215
0.11472020481508578
0.02251970968394626
-0.06556936325336661
-0.09108646460989846
-0.0985269492218183
-0.0274866881892438
-0.09582880245226807
-0.10504572080646002
0.005713461957841909
-0.04947508788007665
-0.10053521712495668
-0.08624861706482803
-0.09667633667520217
-0.09969787366955787
-0.10332285407162485
-0.09510452704904128
-0.026620440124481348
0.011265279263680164
0.037327325304902105
-0.08619012261058172
-0.10393484827179295
-0.10322119080335697
-0.09818971199137089
-0.09185135350196501
-0.09950810329361015
-0.012331682915446337
-0.09629759686364084
-0.09918367934401716
-0.09949644915204447
-0.10293832592059178
0.008436889981623608
0.06520703074494943
-0.07187303907016088
-0.019883094817957116
0.0838024133866546
0.015659556400984823
0.01610559680058436
-0.06022878272379628
0.062120245743355174
0.10910466017440405
0.12504498216440904
0.11666210279193769
0.12395248528497142
0.12523589343685787
0.10701157616714278
0.04438644210782816
0.0249953615652524
0.00795066534721437
0.09197732679298619
0.031103589606816855
-0.07716770065302646
0.011264156829234864
-0.03619267932289398
0.027831676224794207
-0.028827544428246765
-0.05180009299262389
-0.011558268610676548
0.03457863549960975
NaN
