-0.10277698089412199
-0.08919582898158232
-0.09822029765776605
-0.09830304631399184
-0.08815938260693379
-0.09636887611696779
-0.09592678446815142
-0.08084339709611327
0.05646993707125298
0.06718739607416216
0.0019462283377716747
-0.08719448015206338
-0.09594283317385768
-0.10072648225445394
-0.09862062391458076
-0.09823028012230875
-0.08121772993413695
-0.012651003247264475
0.042495235752318915
0.06298352509568048
-0.040964138137460575
-0.04275018177091496
-0.008793413591153904
0.05741312096201879
-0.052910588554723276
-0.09612680374833682
-0.09462647222184808
-0.09657974901178568
-0.10098091342381141
-0.09475515681530894
-0.09533430375079649
-0.08386535467669803
-0.08397460738680593
-0.08888345736238437
-0.09560812446811087
-0.09679883238212322
-0.09902139310456365
-0.10168652201812958
-0.09840630237243236
-0.09212714434185995
-0.0801816586786194
-0.10372371077515641
-0.1006969419117261
-0.10064683153710041
-0.10614939863495812
-0.08916773142640419
-0.02732293520644561
-0.004263349024557557
0.06845193629878535
0.059277396080973856
0.055467055900119536
0.02654584481258917
-0.08163803670894679
-0.0521487838945338
0.05644723899453855
0.06172549598067802
-0.06391329963549655
0.03647223002371692
0.04558649266040831
NaN
NaN
0.04389666327212868
0.06998101477289612
0.08132993898012883
0.020130323439776176
0.08861279210119094
0.08955626710833298
0.09048370298716049
0.08853465131641625
0.08862754667806769
0.019154103717309624
0.036460873475457505
0.08233235540972561
-0.009675524651408172
-0.01047786060969758
0.0853648872866192
0.023725184390673212
0.09101179707922752
0.08960318524750946
0.08239506433076416
0.0752000366400942
0.0877589335240018
0.0888218026227457
0.06485874484276175
0.06346379205229097
0.08417188798488939
0.06895038977619974
0.07774814387491238
-0.09577774482445109
-0.09669764421753113
-0.09149161702405226
0.05441645365010481
0.07325482963298624
0.08727182701047223
0.08636882208437663
0.08749795633811602
0.08311167365294186
0.04184643365697877
0.0861762412561107
0.05068693566572431
0.08029145565826348
0.07801745237185317
0.08883423620925576
0.0902204066827022
0.09032127546358451
-0.010953254345570287
-0.09208346176049315
-0.09229495437778576
-0.09346439340195112
-0.09141017834193133
-0.08698367912213084
-0.0960810722998654
0.0030157984800253355
0.05109359908799544
0.07881353961204221
0.08957207816133109
-0.04628961050399159
0.08437406815188814
0.08088871085003282
-0.017992144422259253
0.08849538095955092
0.08666900775686831
0.08641349076604357
0.08567638098911937
0.08481804202138563
0.08255819504922751
0.010580849435275774
0.08334010166515035
0.08069046127550228
0.07522575140433552
-0.06362965113752504
-0.012207638876199502
0.053440500459869596
0.07088377166951534
-0.03796353022888418
-0.08982464262502837
-0.07150356398142524
-0.09849492240409749
-0.09726154653092167
-0.06212473536645263
0.05278160468340098
0.0639877077904688
0.08630859788789699
-0.03707575239443635
-0.07370060425357988
0.07344372649684644
0.08285998042774229
0.08253339943150437
0.07082611810472497
-0.09546639142122298
-0.09866323269517452
-0.07860267305297297
0.06857035194228675
0.07937046733119996
0.058290117729754586
-0.07720290454982737
0.019406322414497332
-0.09894368867560846
-0.10252006296390512
-0.10125595311748001
-0.06008754551989204
0.039892029983901775
0.08253631345904311
0.07837838040628492
0.07920783871871195
0.0835682365185948
0.029237923347017518
-0.08812597525985205
0.03651625661254388
0.05279621849971711
0.018731782594028714
NaN
