0.06431947816953726
0.07602432905802613
0.07414001531941582
0.07159309052513443
0.001552533512121257
0.01831764639197498
0.05631796631818028
0.07459282891182843
0.020662728517650157
-0.10209056519005928
-0.09622936933066438
-0.08451304593395839
-0.09133685104542585
-0.09096021114393762
-0.09832893893683302
-0.09533481445511152
-0.07049700095792408
-0.020758390810439044
0.07208446320436669
0.0781737544186781
0.07141969469566072
0.07568041104729241
0.07425387975913483
-0.021885306139741958
0.06604700793827668
0.06122113973980827
0.07035302199843488
0.0559337261125055
0.06096977129766553
0.06106803738934077
0.06022463715658644
-0.025792786572593936
-0.07751360997905872
-0.05752485747971423
0.06873325874142669
0.07241120780564411
0.055416886735726284
-0.07576890612638948
-0.08677133336914657
-0.0812548141867319
-0.06421892308029649
-0.06470130954881126
-0.09902392587086276
-0.09053966308630393
-0.09906440292701121
-0.10010674246749497
-0.09951246506254177
-0.08754370064755558
-0.08609494315936556
-0.08844371122629072
-0.09962906756289393
-0.09749741989082297
-0.09878797987775177
-0.1067102470378411
-0.04220990332517474
-0.05628096545195913
-0.09037337953084279
-0.10415058356372071
-0.09976931816839511
-0.04799853949260402
0.033110913330768765
-0.014342256927696629
0.04137566901008409
0.03649746842356973
0.0509247137290929
0.057685652476336495
0.005192571488980887
0.031711152543067396
0.0616132024069256
0.010016069670234445
0.06654878731528863
0.00949558120212096
-0.07491279136827501
0.03398931313401005
0.07144343508010097
0.05385231873664389
0.07351351628024215
0.076299559313354
0.06799807525416127
0.07524963370140504
0.07839961124510943
0.0417333341280276
0.07103221689112567
0.07715068071001106
0.07561445763447118
0.0732693776063941
0.07260190516013841
0.06662060272999755
0.06313705168146069
0.07424183766026982
0.06653369508922206
NaN
NaN
0.04614414550520921
0.06796202561257002
0.06648582143614973
0.07235959242254482
0.05453423999082624
0.0064811339755873314
-6.376890109424218E-4
-6.881182882987075E-4
-0.012443882770059716
0.07483813800257658
0.0754138762926408
0.07090542428943217
-0.0010395963593724565
0.055171555551838294
-6.694126933905016E-4
0.056330736760399604
0.08080239492824005
0.08216188883564654
0.029659350518331025
-0.07450330998672425
-0.079420733548673
-5.74400325699209E-4
0.06479686066596792
0.0775017869684165
0.08133425607854591
0.05200476041147283
-0.06658248177868581
0.04660434795471295
-0.07770484067022262
-0.10114974573426032
-0.09704407288328235
-0.10276397404408132
-0.10091053769217234
-0.09267832753987852
-0.09913150589133372
-0.09808229174373315
-0.10049818137468937
-0.08448223326503386
-0.07016417122937275
-0.0881462622327289
-0.09718128799670456
-0.08207250539783005
-0.06207287722933547
-0.08769715605252003
-0.06551273604946498
-0.08461192414221579
-0.055441804148004106
-0.07795399256375772
-0.09649546418292007
-0.07226809300366689
0.014281725699951729
0.07796164565856141
0.07513093594174271
0.0734199553552834
0.07264478601391278
0.048606162818790814
-0.06315919249695011
-0.06671006785022822
0.02822622839651582
0.017265062743758032
0.07729447400792756
0.08054723440385453
0.044161509527874655
-0.04337717884223475
0.07527675241596757
0.057631200222564495
0.027556906921009747
0.007191108408181707
0.07395390125010824
0.0839194872842447
0.08131401095514373
0.08003014321048521
0.07969085926944003
0.08351431617913095
0.0684581516456103
0.0759150418017144
-0.03016571977649106
-0.08126883919709582
-0.0826972395208347
0.023787197545573242
0.08414267846678988
0.08423777334676774
0.0851796701955172
0.07399767795436477
0.07294437889932853
0.012136405585504025
-0.016164151082614965
0.06983337931257516
0.07922585658289094
-0.04008245023097749
-0.0997830805499614
-0.10254481264788615
-0.10495742658662845
-0.10180371826571798
-0.025443550787738398
0.02055386422205588
-0.00917379312027842
0.06681549355147534
0.06706683544139079
0.06090054201289236
-0.07209471472238749
-0.10664142336775495
-0.09787798634329567
-0.08771994197161627
-0.09390766972505087
NaN
