0.03781813894873226
0.10578053067395735
0.11076192535914167
-0.014600284767683618
0.001116815559586858
0.11251379756148387
0.1128667905044993
0.05427494417836473
-0.03285933971682336
-0.09074170068407897
-0.08198658140652526
-0.05877207348753069
-0.06834106830389548
-0.08810852096201117
-0.0845564360737648
-0.08935917706631048
-0.08003153302210818
0.013424504690111548
-0.0707367528097881
-0.08482813020852933
-0.008629401613217022
-0.004669103173800021
0.09505883856655316
0.11720055583418942
0.0981536773807161
0.08589302445789641
0.11652748036941216
0.07482026462884216
0.0732076007806347
0.03070225581926825
0.11864302330802345
-0.03012624749924062
0.004967031574613198
-0.05097353482498309
-0.07299005708512317
0.028019987425267373
0.07240459283228959
0.09050264256177681
0.04899358836295336
0.04070993213454735
-0.025865412235017614
-0.016195229108611393
-0.027547117535336844
0.10756036796957162
0.11547932058448089
0.08976871007002744
-0.023540900751024794
0.04477121975844075
-0.03396034835828141
-0.056660317270998156
0.019341826374882094
-0.04585699989653691
-0.06794312345565391
-0.07180382527305837
-0.05714741029640161
0.03043467743986392
-3.2260447987061394E-5
-0.022218102886848726
-0.02431375165625238
NaN
NaN
-0.029094500391412367
-0.03599329944182396
-0.035514359464261125
-7.121582359736081E-4
0.10018659412817581
0.09433881448090019
-0.0327303478035335
-0.03134943913932759
0.06171540594281605
-0.014710912416368462
-0.021097921273240415
0.10324810820060697
0.11497583319072693
0.10685997714701839
0.11455547427993787
0.10236146742438418
0.04224626887474149
-0.10826884771774356
-0.11245541683138681
-0.11338239611366974
-0.03914495196574913
-0.10224224170985918
-0.08916882993982286
-0.10432427679875644
-0.11153921832508883
-0.06781009699666782
0.0017732567798704184
-0.11477916972090554
-0.11404575583880015
-0.02626170122182179
-0.01027994614939088
0.04277982878953013
-0.09144104288882109
-0.10384052897318836
-0.07212825938865061
-0.0881659044371007
0.05124672020899429
0.11490185248013046
0.11710297120367492
0.1129420323042689
0.11947363174407864
0.11501196719816441
-0.01836307881126112
0.09138984601549488
0.11682950773632036
0.10460789484173952
0.06865114373942637
-0.09647599527558418
-0.11662266350459535
-0.0989247491919597
-0.07936562026603713
-0.08917321647404322
-0.11203553767865604
-0.06310346855327341
-0.0957160391909254
0.031053179365053946
-0.07609686188471053
-0.11012205968222835
-0.09836240017738833
-0.01901048491004848
-0.09092543430554674
-0.09652570069374691
-0.09668292156245059
-0.10726317519621947
-0.09975609025797684
-0.07257840396177667
0.06929392927015686
0.11798376145635303
0.12029381717451992
0.11758473736272325
0.07609968862507673
0.07218929654155883
0.04993028306560237
0.0953743796904359
0.006265854654373719
-0.11569344639162892
-0.025730110618524357
0.07961026877803297
0.11214746914920784
0.10010410269086428
-0.0024253017137427085
-0.01381275783390758
-0.045985085263195134
-0.0937576769241935
-0.1105153816030439
-0.1043983034048979
-0.11012437816959848
0.06345424926937313
0.10578790633882516
0.11248924158947463
0.10990982600975066
0.014226646688805612
-0.06327521946031796
-0.041629599465100746
0.06484397916018635
0.07905857161455122
-0.0021339655685994746
0.002196383482348163
-0.026352841342437153
