-0.03299707595494647
-0.04570312395092722
-0.04660243177902971
0.005408642876917903
-0.06933642640741806
-0.06996603637787942
-0.061423285667446884
0.04534711641548386
0.07215022615164679
0.0869992865637624
0.08802831254966201
0.07766883671989361
0.01765361040144996
-0.02775377291237466
-0.050908288274062685
-0.013401471993979189
-0.04656205772560034
-0.054379062336787014
-0.06117707325623746
-0.06047747186088853
0.05719661543188488
-0.06733402836481855
-0.07531466256405459
-0.0022924720589853715
0.08266323103389517
0.08384759175505974
0.08310277040145038
0.07979764204614745
0.08309856930994543
0.08033145682503928
0.08439631167992681
0.044107834734032965
0.07996160756707377
-0.016340456206995216
-0.0771715450594476
-0.07981005405506797
-0.06862828964023948
0.07294691952227596
0.07762961059710562
0.041163954784021274
-0.0772674978133611
-0.07993917494633308
0.05885854463426997
0.0856387719765132
0.08625156751609901
0.08136848933921532
0.08467710535947902
0.08651167685134632
0.04189555169301643
-0.07081273419447678
-0.07342799371757384
-0.07237220155408235
-0.07108651135873972
-0.07122223589761913
0.04345965898301861
0.061311683509627214
-0.07068608615250932
-0.0740752165151805
-0.03003247093318934
-0.07061875146763234
-0.01858732694282752
0.08013042969852573
0.07851066263221348
0.05750068247380863
0.08121808791842472
0.07734092199387856
-0.05186212263171683
-0.05810259597965809
0.04140277249566251
0.08086920443210653
0.08567846789726291
0.05486819369224567
-0.02941490112206555
0.07803759268065738
0.08516074234837563
0.04704752194158503
-0.06693958379454402
-0.07184788850241675
-0.07081005649097802
-0.060919342846960114
-0.048636118281741574
-0.06619222511254776
-0.06896321992294803
-0.06841711335931426
-0.04972404944101002
0.07247467061896791
0.08245322190349304
0.04912664044331064
0.017394266032711506
-0.018713098922917677
-0.04554350724097793
-0.04045239397727556
-0.053110381210693045
NaN
NaN
0.025906841225565667
0.08335859223195206
0.07930603059104278
0.07920424336623273
0.07988391409265083
0.043641391570839766
0.060722465113097035
0.059634914094656245
-0.060338955926507704
-0.07774274430882691
-0.0522170403589352
0.011368743607483293
-0.07076518081884138
-0.06976567486361246
0.07563155044241117
0.0741863991782174
0.08141892742384656
0.08383056374482682
0.08742738588360047
0.05864867173198057
-0.07744491412516351
-0.07642455319495949
-0.07622505667011145
-0.05893810858378093
-0.021924989445610773
0.08726387357712341
0.03940052490290031
0.04973892267650922
-0.03154405927931672
-0.07281214673759642
-0.07481282387026249
-0.06856033151200418
-0.032272817079267
0.08838258213473567
0.0199534756760477
0.0013146108600415483
0.06057635023445309
0.020049959041877733
-0.06197916118524807
-0.017652511012935017
0.08105528234108006
0.07932747661061826
-0.0608774018531453
-0.0808328850757235
-0.0636745688677746
-0.08309579245335136
-0.07925427262515336
-0.079354164002507
-0.04568315389283035
0.004153966588442353
-0.05229845802764878
-0.07779547232130915
-0.07456591605717779
0.009652396781127816
0.032989299251410635
-0.0741839540886988
-0.08052835873822697
0.04455898456352447
-0.00963802207566003
-0.08319920742525408
-0.06810992108885842
-0.07478660969252343
-0.04982138777878004
-0.05425019768100625
-0.05001428879712126
0.07120332488545947
-0.06329121612430964
-0.04378590100558048
-0.07262086889547718
-0.07839108259081871
-0.07802035998853074
-0.0698895410689327
-0.08034447753611015
-0.07916423660320171
0.015130862064546422
0.08324636056744646
0.08581987749880193
0.08476212834820407
0.06309617371240121
0.07605423452015958
0.08357106041875291
0.01597884591546508
0.0691268104031005
0.07787038107939877
0.05993350911178436
-0.06379544678564847
-0.07613124408917665
-0.006179775425482074
-0.06569687200078558
-0.07437216381855041
-0.07468770339507688
-0.07673267860193451
-0.03920371185775967
-0.06836916115286283
-0.07583972793800002
-0.012384138551213064
0.06968399632470192
-0.02186261564131914
-0.07331889969549363
-0.07179476707437815
-0.06666108316950609
-0.02800054359663752
0.056471626407898504
0.06824430800156432
-0.05964326318928323
-0.03931581835364898
0.08074407197448676
0.08292576056815203
0.08165869989776213
0.0723309489928519
-0.06240231964999117
-0.00987099431398374
0.05907185957286262
0.07161692815411834
-0.06029960343802511
-0.06699833751331438
-0.06757303329304708
-0.07141821942165924
-0.03782041704958398
-0.03633777910835769
-0.03915767909932205
0.04492184665017772
0.07735512914894217
0.06593822804002789
0.08510936332463072
0.07080984055106058
-0.05920925366553089
-0.04924710725691454
0.015627439211538214
-0.024289684281168202
0.039226148632300194
-0.06978651714672411
-0.056266798132475364
-0.008383765599408826
-0.07177156177061876
0.023630540622007486
0.08058034544090946
0.08438049537221991
0.08284590357696037
0.07802749094266573
0.009716061385328451
-0.004706727214326103
0.03674792981877382
0.07733560701200724
0.06298247981743144
0.05611759846414962
0.06980023098097136
0.07928523019350539
0.0615227908220643
