0 20 0 0 0 20 0 1 1.29786
0 20 0 0 0 20 1000000 1 1.09549
0 20 0 0 0 20 2000000 1 1.33769
0 20 0 0 0 20 3000000 1 1.24080
0 20 0 0 0 20 4000000 1 1.21483
0 20 0 0 0 20 5000000 1 1.13817
0 20 0 0 0 20 6000000 1 0.85406
0 20 0 0 0 20 7000000 1 0.76876
0 20 0 0 0 20 8000000 1 0.86697
0 20 0 0 0 20 9000000 1 0.84104
0 20 0 0 0 20 10000000 1 0.85730
0 20 0 0 0 20 11000000 1 0.74238
0 20 0 0 0 20 12000000 1 0.69493
0 20 0 0 0 20 13000000 1 1.00978
0 20 0 0 0 20 14000000 1 0.80191
0 20 0 0 0 20 15000000 1 0.77444
0 20 0 0 0 20 16000000 1 0.94812
0 20 0 0 0 20 17000000 1 1.23846
0 20 0 0 0 20 18000000 1 1.40800
0 20 0 0 0 20 19000000 1 1.28283
0 20 0 0 0 20 20000000 1 1.35608
0 20 0 0 0 20 21000000 1 1.19468
0 20 0 0 0 20 22000000 1 1.01429
0 20 0 0 0 20 23000000 1 1.47044
0 20 0 0 0 20 24000000 1 1.38138
0 20 0 0 0 20 25000000 1 1.50171
0 20 0 0 0 20 26000000 1 0.56958
0 20 0 0 0 20 29000000 1 0.68338
0 20 0 0 0 20 30000000 1 1.76587
0 20 0 0 0 20 31000000 1 1.93875
0 20 0 0 0 20 32000000 1 1.60564
0 20 0 0 0 20 33000000 1 1.41500
0 20 0 0 0 20 34000000 1 1.52490
0 20 0 0 0 20 35000000 1 1.54415
0 20 0 0 0 20 36000000 1 1.72551
0 20 0 0 0 20 37000000 1 1.85636
0 20 0 0 0 20 38000000 1 1.30497
0 20 0 0 0 20 39000000 1 1.54048
0 20 0 0 0 20 40000000 1 1.58030
0 20 0 0 0 20 41000000 1 1.52129
0 20 0 0 0 20 42000000 1 1.88196
0 20 0 0 0 20 43000000 1 2.21827
0 20 0 0 0 20 44000000 1 2.50852
0 20 0 0 0 20 45000000 1 2.38297
0 20 0 0 0 20 46000000 1 1.90347
0 20 0 0 0 20 47000000 1 1.90653
0 20 0 0 0 20 48000000 1 2.18726
0 20 0 0 0 20 49000000 1 2.19122
0 20 0 0 0 20 50000000 1 1.74346
0 20 0 0 0 20 51000000 1 1.17907
0 20 0 0 0 20 52000000 1 1.33327
0 20 0 0 0 20 53000000 1 0.99067
0 20 0 0 0 20 54000000 1 1.08520
0 20 0 0 0 20 55000000 1 1.93520
0 20 0 0 0 20 56000000 1 2.21949
0 20 0 0 0 20 57000000 1 2.53595
0 20 0 0 0 20 58000000 1 2.15244
0 20 0 0 0 20 59000000 1 1.42101
0 20 0 0 0 20 60000000 1 3.33736
0 20 0 0 0 20 61000000 1 6.18662
0 20 0 0 0 20 62000000 1 9.23284
0 20 1000000 0 0 20 1000000 1 1.13179
0 20 1000000 0 0 20 2000000 1 1.30174
0 20 1000000 0 0 20 3000000 1 0.99290
0 20 1000000 0 0 20 4000000 1 1.01156
0 20 1000000 0 0 20 5000000 1 0.96339
0 20 1000000 0 0 20 6000000 1 0.69159
0 20 1000000 0 0 20 7000000 1 0.60840
0 20 1000000 0 0 20 8000000 1 0.71026
0 20 1000000 0 0 20 9000000 1 0.66724
0 20 1000000 0 0 20 10000000 1 0.74414
0 20 1000000 0 0 20 11000000 1 0.64996
0 20 1000000 0 0 20 12000000 1 0.52000
0 20 1000000 0 0 20 13000000 1 0.83453
0 20 1000000 0 0 20 14000000 1 0.70729
0 20 1000000 0 0 20 15000000 1 0.73489
0 20 1000000 0 0 20 16000000 1 0.84168
0 20 1000000 0 0 20 17000000 1 1.08024
0 20 1000000 0 0 20 18000000 1 1.28608
0 20 1000000 0 0 20 19000000 1 1.24527
0 20 1000000 0 0 20 20000000 1 1.28113
0 20 1000000 0 0 20 21000000 1 1.02140
0 20 1000000 0 0 20 22000000 1 0.82645
0 20 1000000 0 0 20 23000000 1 1.20646
0 20 1000000 0 0 20 24000000 1 1.12782
0 20 1000000 0 0 20 25000000 1 1.21395
0 20 1000000 0 0 20 26000000 1 0.38304
0 20 1000000 0 0 20 29000000 1 0.49973
0 20 1000000 0 0 20 30000000 1 1.55625
0 20 1000000 0 0 20 31000000 1 1.82220
0 20 1000000 0 0 20 32000000 1 1.55145
0 20 1000000 0 0 20 33000000 1 1.41284
0 20 1000000 0 0 20 34000000 1 1.40390
0 20 1000000 0 0 20 35000000 1 1.46335
0 20 1000000 0 0 20 36000000 1 1.73492
0 20 1000000 0 0 20 37000000 1 1.76635
0 20 1000000 0 0 20 38000000 1 1.23604
0 20 1000000 0 0 20 39000000 1 1.40019
0 20 1000000 0 0 20 40000000 1 1.46596
0 20 1000000 0 0 20 41000000 1 1.27400
0 20 1000000 0 0 20 42000000 1 1.81058
0 20 1000000 0 0 20 43000000 1 2.17842
0 20 1000000 0 0 20 44000000 1 2.16324
0 20 1000000 0 0 20 45000000 1 2.13022
0 20 1000000 0 0 20 46000000 1 1.82647
0 20 1000000 0 0 20 47000000 1 1.88092
0 20 1000000 0 0 20 48000000 1 2.17103
0 20 1000000 0 0 20 49000000 1 2.12807
0 20 1000000 0 0 20 50000000 1 1.54578
0 20 1000000 0 0 20 51000000 1 1.05893
0 20 1000000 0 0 20 52000000 1 1.17260
0 20 1000000 0 0 20 53000000 1 0.80421
0 20 1000000 0 0 20 54000000 1 0.77486
0 20 1000000 0 0 20 55000000 1 1.50733
0 20 1000000 0 0 20 56000000 1 2.01609
0 20 1000000 0 0 20 57000000 1 2.12411
0 20 1000000 0 0 20 58000000 1 1.66113
0 20 1000000 0 0 20 59000000 1 0.90750
0 20 1000000 0 0 20 60000000 1 2.26660
0 20 1000000 0 0 20 61000000 1 4.10440
0 20 1000000 0 0 20 62000000 1 4.31553
0 20 2000000 0 0 20 2000000 1 1.10175
0 20 2000000 0 0 20 3000000 1 1.00132
0 20 2000000 0 0 20 4000000 1 0.86759
0 20 2000000 0 0 20 5000000 1 0.81674
0 20 2000000 0 0 20 6000000 1 0.57409
0 20 2000000 0 0 20 7000000 1 0.54991
0 20 2000000 0 0 20 8000000 1 0.63610
0 20 2000000 0 0 20 9000000 1 0.61413
0 20 2000000 0 0 20 10000000 1 0.64487
0 20 2000000 0 0 20 11000000 1 0.54425
0 20 2000000 0 0 20 12000000 1 0.47206
0 20 2000000 0 0 20 13000000 1 0.76062
0 20 2000000 0 0 20 14000000 1 0.64504
0 20 2000000 0 0 20 15000000 1 0.65010
0 20 2000000 0 0 20 16000000 1 0.75296
0 20 2000000 0 0 20 17000000 1 1.06245
0 20 2000000 0 0 20 18000000 1 1.26422
0 20 2000000 0 0 20 19000000 1 1.12546
0 20 2000000 0 0 20 20000000 1 1.20048
0 20 2000000 0 0 20 21000000 1 0.93488
0 20 2000000 0 0 20 22000000 1 0.79325
0 20 2000000 0 0 20 23000000 1 1.11038
0 20 2000000 0 0 20 24000000 1 1.04008
0 20 2000000 0 0 20 25000000 1 1.07208
0 20 2000000 0 0 20 26000000 1 0.31345
0 20 2000000 0 0 20 29000000 1 0.42551
0 20 2000000 0 0 20 30000000 1 1.59242
0 20 2000000 0 0 20 31000000 1 2.04439
0 20 2000000 0 0 20 32000000 1 1.73168
0 20 2000000 0 0 20 33000000 1 1.60927
0 20 2000000 0 0 20 34000000 1 1.71647
0 20 2000000 0 0 20 35000000 1 1.66961
0 20 2000000 0 0 20 36000000 1 1.96629
0 20 2000000 0 0 20 37000000 1 1.75796
0 20 2000000 0 0 20 38000000 1 1.18326
0 20 2000000 0 0 20 39000000 1 1.37385
0 20 2000000 0 0 20 40000000 1 1.32377
0 20 2000000 0 0 20 41000000 1 1.25909
0 20 2000000 0 0 20 42000000 1 1.78020
0 20 2000000 0 0 20 43000000 1 2.25483
0 20 2000000 0 0 20 44000000 1 2.39117
0 20 2000000 0 0 20 45000000 1 2.24228
0 20 2000000 0 0 20 46000000 1 1.84285
0 20 2000000 0 0 20 47000000 1 1.94191
0 20 2000000 0 0 20 48000000 1 2.28035
0 20 2000000 0 0 20 49000000 1 2.03825
0 20 2000000 0 0 20 50000000 1 1.44907
0 20 2000000 0 0 20 51000000 1 0.93931
0 20 2000000 0 0 20 52000000 1 1.00811
0 20 2000000 0 0 20 53000000 1 0.73862
0 20 2000000 0 0 20 54000000 1 0.73845
0 20 2000000 0 0 20 55000000 1 1.45689
0 20 2000000 0 0 20 56000000 1 1.82033
0 20 2000000 0 0 20 57000000 1 2.01327
0 20 2000000 0 0 20 58000000 1 1.49868
0 20 2000000 0 0 20 59000000 1 0.86415
0 20 2000000 0 0 20 60000000 1 2.18512
0 20 2000000 0 0 20 61000000 1 4.12948
0 20 2000000 0 0 20 62000000 1 4.03926
0 20 3000000 0 0 20 3000000 1 1.14693
0 20 3000000 0 0 20 4000000 1 1.04536
0 20 3000000 0 0 20 5000000 1 0.90554
0 20 3000000 0 0 20 6000000 1 0.53079
0 20 3000000 0 0 20 7000000 1 0.48645
0 20 3000000 0 0 20 8000000 1 0.61444
0 20 3000000 0 0 20 9000000 1 0.55656
0 20 3000000 0 0 20 10000000 1 0.68046
0 20 3000000 0 0 20 11000000 1 0.57895
0 20 3000000 0 0 20 12000000 1 0.40182
0 20 3000000 0 0 20 13000000 1 0.85828
0 20 3000000 0 0 20 14000000 1 0.70578
0 20 3000000 0 0 20 15000000 1 0.71658
0 20 3000000 0 0 20 16000000 1 0.79714
0 20 3000000 0 0 20 17000000 1 1.14303
0 20 3000000 0 0 20 18000000 1 1.42624
0 20 3000000 0 0 20 19000000 1 1.10170
0 20 3000000 0 0 20 20000000 1 1.32318
0 20 3000000 0 0 20 21000000 1 0.92685
0 20 3000000 0 0 20 22000000 1 0.67425
0 20 3000000 0 0 20 23000000 1 1.07628
0 20 3000000 0 0 20 24000000 1 0.91470
0 20 3000000 0 0 20 25000000 1 1.20510
0 20 3000000 0 0 20 26000000 1 0.27348
0 20 3000000 0 0 20 29000000 1 0.33184
0 20 3000000 0 0 20 30000000 1 1.96190
0 20 3000000 0 0 20 31000000 1 2.02716
0 20 3000000 0 0 20 32000000 1 1.93844
0 20 3000000 0 0 20 33000000 1 1.72567
0 20 3000000 0 0 20 34000000 1 1.67847
0 20 3000000 0 0 20 35000000 1 1.81796
0 20 3000000 0 0 20 36000000 1 1.88562
0 20 3000000 0 0 20 37000000 1 1.75952
0 20 3000000 0 0 20 38000000 1 0.90994
0 20 3000000 0 0 20 39000000 1 1.34729
0 20 3000000 0 0 20 40000000 1 1.17631
0 20 3000000 0 0 20 41000000 1 0.90005
0 20 3000000 0 0 20 42000000 1 1.86246
0 20 3000000 0 0 20 43000000 1 2.16465
0 20 3000000 0 0 20 44000000 1 2.12947
0 20 3000000 0 0 20 45000000 1 1.74979
0 20 3000000 0 0 20 46000000 1 1.57413
0 20 3000000 0 0 20 47000000 1 1.93654
0 20 3000000 0 0 20 48000000 1 2.40964
0 20 3000000 0 0 20 49000000 1 2.14248
0 20 3000000 0 0 20 50000000 1 1.37482
0 20 3000000 0 0 20 51000000 1 0.85619
0 20 3000000 0 0 20 52000000 1 1.23782
0 20 3000000 0 0 20 53000000 1 0.63518
0 20 3000000 0 0 20 54000000 1 0.63943
0 20 3000000 0 0 20 55000000 1 1.32851
0 20 3000000 0 0 20 56000000 1 1.84360
0 20 3000000 0 0 20 57000000 1 2.01121
0 20 3000000 0 0 20 58000000 1 1.24180
0 20 3000000 0 0 20 59000000 1 0.59583
0 20 3000000 0 0 20 60000000 1 2.09111
0 20 3000000 0 0 20 61000000 1 3.76465
0 20 3000000 0 0 20 62000000 1 3.32405
0 20 4000000 0 0 20 4000000 1 1.05349
0 20 4000000 0 0 20 5000000 1 1.12040
0 20 4000000 0 0 20 6000000 1 0.72311
0 20 4000000 0 0 20 7000000 1 0.75067
0 20 4000000 0 0 20 8000000 1 0.96670
0 20 4000000 0 0 20 9000000 1 0.89049
0 20 4000000 0 0 20 10000000 1 0.94302
0 20 4000000 0 0 20 11000000 1 0.79763
0 20 4000000 0 0 20 12000000 1 0.74773
0 20 4000000 0 0 20 13000000 1 1.18596
0 20 4000000 0 0 20 14000000 1 0.95561
0 20 4000000 0 0 20 15000000 1 0.98962
0 20 4000000 0 0 20 16000000 1 1.21422
0 20 4000000 0 0 20 17000000 1 1.45109
0 20 4000000 0 0 20 18000000 1 1.60641
0 20 4000000 0 0 20 19000000 1 1.60095
0 20 4000000 0 0 20 20000000 1 1.57340
0 20 4000000 0 0 20 21000000 1 1.33620
0 20 4000000 0 0 20 22000000 1 1.20639
0 20 4000000 0 0 20 23000000 1 1.60225
0 20 4000000 0 0 20 24000000 1 1.55194
0 20 4000000 0 0 20 25000000 1 1.36681
0 20 4000000 0 0 20 26000000 1 0.51559
0 20 4000000 0 0 20 29000000 1 0.61834
0 20 4000000 0 0 20 30000000 1 1.52110
0 20 4000000 0 0 20 31000000 1 1.60593
0 20 4000000 0 0 20 32000000 1 1.17367
0 20 4000000 0 0 20 33000000 1 0.90743
0 20 4000000 0 0 20 34000000 1 0.92699
0 20 4000000 0 0 20 35000000 1 1.01762
0 20 4000000 0 0 20 36000000 1 1.35175
0 20 4000000 0 0 20 37000000 1 1.68733
0 20 4000000 0 0 20 38000000 1 1.40487
0 20 4000000 0 0 20 39000000 1 1.53329
0 20 4000000 0 0 20 40000000 1 1.57325
0 20 4000000 0 0 20 41000000 1 1.53744
0 20 4000000 0 0 20 42000000 1 1.57151
0 20 4000000 0 0 20 43000000 1 1.71447
0 20 4000000 0 0 20 44000000 1 1.62607
0 20 4000000 0 0 20 45000000 1 1.70249
0 20 4000000 0 0 20 46000000 1 1.35497
0 20 4000000 0 0 20 47000000 1 1.27583
0 20 4000000 0 0 20 48000000 1 1.65079
0 20 4000000 0 0 20 49000000 1 2.06230
0 20 4000000 0 0 20 50000000 1 1.85650
0 20 4000000 0 0 20 51000000 1 1.38432
0 20 4000000 0 0 20 52000000 1 1.31653
0 20 4000000 0 0 20 53000000 1 1.03570
0 20 4000000 0 0 20 54000000 1 1.05197
0 20 4000000 0 0 20 55000000 1 1.91283
0 20 4000000 0 0 20 56000000 1 2.08944
0 20 4000000 0 0 20 57000000 1 2.24883
0 20 4000000 0 0 20 58000000 1 1.82952
0 20 4000000 0 0 20 59000000 1 1.16671
0 20 4000000 0 0 20 60000000 1 1.93447
0 20 4000000 0 0 20 61000000 1 2.32633
0 20 4000000 0 0 20 62000000 1 1.70292
0 20 5000000 0 0 20 5000000 1 1.10249
0 20 5000000 0 0 20 6000000 1 0.73997
0 20 5000000 0 0 20 7000000 1 0.75755
0 20 5000000 0 0 20 8000000 1 1.11431
0 20 5000000 0 0 20 9000000 1 0.89876
0 20 5000000 0 0 20 10000000 1 1.12165
0 20 5000000 0 0 20 11000000 1 0.92877
0 20 5000000 0 0 20 12000000 1 0.66423
0 20 5000000 0 0 20 13000000 1 1.42298
0 20 5000000 0 0 20 14000000 1 1.03654
0 20 5000000 0 0 20 15000000 1 1.07926
0 20 5000000 0 0 20 16000000 1 1.21554
0 20 5000000 0 0 20 17000000 1 1.57779
0 20 5000000 0 0 20 18000000 1 1.77256
0 20 5000000 0 0 20 19000000 1 1.46185
0 20 5000000 0 0 20 20000000 1 1.76233
0 20 5000000 0 0 20 21000000 1 1.41261
0 20 5000000 0 0 20 22000000 1 1.08570
0 20 5000000 0 0 20 23000000 1 1.59420
0 20 5000000 0 0 20 24000000 1 1.42946
0 20 5000000 0 0 20 25000000 1 1.71769
0 20 5000000 0 0 20 26000000 1 0.43991
0 20 5000000 0 0 20 29000000 1 0.52741
0 20 5000000 0 0 20 30000000 1 1.90485
0 20 5000000 0 0 20 31000000 1 1.31373
0 20 5000000 0 0 20 32000000 1 1.06229
0 20 5000000 0 0 20 33000000 1 0.82129
0 20 5000000 0 0 20 34000000 1 0.77409
0 20 5000000 0 0 20 35000000 1 0.95939
0 20 5000000 0 0 20 36000000 1 1.10901
0 20 5000000 0 0 20 37000000 1 1.51114
0 20 5000000 0 0 20 38000000 1 1.02359
0 20 5000000 0 0 20 39000000 1 1.40110
0 20 5000000 0 0 20 40000000 1 1.25525
0 20 5000000 0 0 20 41000000 1 1.00995
0 20 5000000 0 0 20 42000000 1 1.56940
0 20 5000000 0 0 20 43000000 1 1.55668
0 20 5000000 0 0 20 44000000 1 1.29189
0 20 5000000 0 0 20 45000000 1 1.15371
0 20 5000000 0 0 20 46000000 1 1.03356
0 20 5000000 0 0 20 47000000 1 1.21865
0 20 5000000 0 0 20 48000000 1 1.59946
0 20 5000000 0 0 20 49000000 1 1.94774
0 20 5000000 0 0 20 50000000 1 1.79112
0 20 5000000 0 0 20 51000000 1 1.25555
0 20 5000000 0 0 20 52000000 1 1.88627
0 20 5000000 0 0 20 53000000 1 0.99068
0 20 5000000 0 0 20 54000000 1 1.03903
0 20 5000000 0 0 20 55000000 1 1.82760
0 20 5000000 0 0 20 56000000 1 1.98782
0 20 5000000 0 0 20 57000000 1 2.09052
0 20 5000000 0 0 20 58000000 1 1.50595
0 20 5000000 0 0 20 59000000 1 0.78999
0 20 5000000 0 0 20 60000000 1 1.85005
0 20 5000000 0 0 20 61000000 1 1.96467
0 20 5000000 0 0 20 62000000 1 1.53395
0 20 6000000 0 0 20 6000000 1 0.96623
0 20 6000000 0 0 20 7000000 1 1.48211
0 20 6000000 0 0 20 8000000 1 1.56192
0 20 6000000 0 0 20 9000000 1 1.31440
0 20 6000000 0 0 20 10000000 1 1.23482
0 20 6000000 0 0 20 11000000 1 1.48527
0 20 6000000 0 0 20 12000000 1 1.68857
0 20 6000000 0 0 20 13000000 1 1.85074
0 20 6000000 0 0 20 14000000 1 1.53662
0 20 6000000 0 0 20 15000000 1 1.33371
0 20 6000000 0 0 20 16000000 1 1.66995
0 20 6000000 0 0 20 17000000 1 1.57531
0 20 6000000 0 0 20 18000000 1 1.38885
0 20 6000000 0 0 20 19000000 1 1.52692
0 20 6000000 0 0 20 20000000 1 1.64440
0 20 6000000 0 0 20 21000000 1 1.85579
0 20 6000000 0 0 20 22000000 1 1.90258
0 20 6000000 0 0 20 23000000 1 1.77271
0 20 6000000 0 0 20 24000000 1 1.71613
0 20 6000000 0 0 20 25000000 1 1.56537
0 20 6000000 0 0 20 26000000 1 1.14875
0 20 6000000 0 0 20 29000000 1 1.23722
0 20 6000000 0 0 20 30000000 1 0.97320
0 20 6000000 0 0 20 31000000 1 0.62584
0 20 6000000 0 0 20 32000000 1 0.41134
0 20 6000000 0 0 20 33000000 1 0.31150
0 20 6000000 0 0 20 34000000 1 0.29012
0 20 6000000 0 0 20 35000000 1 0.36325
0 20 6000000 0 0 20 36000000 1 0.48356
0 20 6000000 0 0 20 37000000 1 1.00488
0 20 6000000 0 0 20 38000000 1 1.47447
0 20 6000000 0 0 20 39000000 1 1.19859
0 20 6000000 0 0 20 40000000 1 1.34547
0 20 6000000 0 0 20 41000000 1 1.51252
0 20 6000000 0 0 20 42000000 1 0.91485
0 20 6000000 0 0 20 43000000 1 0.78658
0 20 6000000 0 0 20 44000000 1 0.66268
0 20 6000000 0 0 20 45000000 1 0.69622
0 20 6000000 0 0 20 46000000 1 0.51046
0 20 6000000 0 0 20 47000000 1 0.50170
0 20 6000000 0 0 20 48000000 1 0.63111
0 20 6000000 0 0 20 49000000 1 1.12416
0 20 6000000 0 0 20 50000000 1 1.72596
0 20 6000000 0 0 20 51000000 1 1.85438
0 20 6000000 0 0 20 52000000 1 1.55364
0 20 6000000 0 0 20 53000000 1 2.26785
0 20 6000000 0 0 20 54000000 1 2.01992
0 20 6000000 0 0 20 55000000 1 1.74510
0 20 6000000 0 0 20 56000000 1 1.33617
0 20 6000000 0 0 20 57000000 1 1.38696
0 20 6000000 0 0 20 58000000 1 1.92390
0 20 6000000 0 0 20 59000000 1 1.77298
0 20 6000000 0 0 20 60000000 1 1.46176
0 20 6000000 0 0 20 61000000 1 0.78241
0 20 6000000 0 0 20 62000000 1 0.54416
0 20 7000000 0 0 20 7000000 1 0.96799
0 20 7000000 0 0 20 8000000 1 1.01507
0 20 7000000 0 0 20 9000000 1 1.13112
0 20 7000000 0 0 20 10000000 1 0.98655
0 20 7000000 0 0 20 11000000 1 1.35150
0 20 7000000 0 0 20 12000000 1 2.02179
0 20 7000000 0 0 20 13000000 1 1.69223
0 20 7000000 0 0 20 14000000 1 1.45301
0 20 7000000 0 0 20 15000000 1 1.34885
0 20 7000000 0 0 20 16000000 1 1.61313
0 20 7000000 0 0 20 17000000 1 1.39759
0 20 7000000 0 0 20 18000000 1 1.10461
0 20 7000000 0 0 20 19000000 1 1.33355
0 20 7000000 0 0 20 20000000 1 1.33916
0 20 7000000 0 0 20 21000000 1 1.86757
0 20 7000000 0 0 20 22000000 1 1.98698
0 20 7000000 0 0 20 23000000 1 1.56251
0 20 7000000 0 0 20 24000000 1 1.54617
0 20 7000000 0 0 20 25000000 1 1.39422
0 20 7000000 0 0 20 26000000 1 1.43051
0 20 7000000 0 0 20 29000000 1 1.42861
0 20 7000000 0 0 20 30000000 1 0.72286
0 20 7000000 0 0 20 31000000 1 0.46679
0 20 7000000 0 0 20 32000000 1 0.28637
0 20 7000000 0 0 20 33000000 1 0.22786
0 20 7000000 0 0 20 34000000 1 0.21299
0 20 7000000 0 0 20 35000000 1 0.23247
0 20 7000000 0 0 20 36000000 1 0.36353
0 20 7000000 0 0 20 37000000 1 0.74378
0 20 7000000 0 0 20 38000000 1 1.37751
0 20 7000000 0 0 20 39000000 1 0.95447
0 20 7000000 0 0 20 40000000 1 1.20909
0 20 7000000 0 0 20 41000000 1 1.45941
0 20 7000000 0 0 20 42000000 1 0.66609
0 20 7000000 0 0 20 43000000 1 0.58410
0 20 7000000 0 0 20 44000000 1 0.50485
0 20 7000000 0 0 20 45000000 1 0.56486
0 20 7000000 0 0 20 46000000 1 0.41095
0 20 7000000 0 0 20 47000000 1 0.31258
0 20 7000000 0 0 20 48000000 1 0.41080
0 20 7000000 0 0 20 49000000 1 0.83232
0 20 7000000 0 0 20 50000000 1 1.42528
0 20 7000000 0 0 20 51000000 1 1.78110
0 20 7000000 0 0 20 52000000 1 1.19028
0 20 7000000 0 0 20 53000000 1 2.38707
0 20 7000000 0 0 20 54000000 1 2.38026
0 20 7000000 0 0 20 55000000 1 1.42411
0 20 7000000 0 0 20 56000000 1 0.93233
0 20 7000000 0 0 20 57000000 1 1.03162
0 20 7000000 0 0 20 58000000 1 1.84088
0 20 7000000 0 0 20 59000000 1 2.05051
0 20 7000000 0 0 20 60000000 1 1.28022
0 20 7000000 0 0 20 61000000 1 0.50947
0 20 7000000 0 0 20 62000000 1 0.38155
0 20 8000000 0 0 20 8000000 1 1.00943
0 20 8000000 0 0 20 9000000 1 0.90104
0 20 8000000 0 0 20 10000000 1 0.94029
0 20 8000000 0 0 20 11000000 1 1.22112
0 20 8000000 0 0 20 12000000 1 1.59153
0 20 8000000 0 0 20 13000000 1 1.76745
0 20 8000000 0 0 20 14000000 1 1.40400
0 20 8000000 0 0 20 15000000 1 1.37967
0 20 8000000 0 0 20 16000000 1 1.66723
0 20 8000000 0 0 20 17000000 1 1.49490
0 20 8000000 0 0 20 18000000 1 1.25705
0 20 8000000 0 0 20 19000000 1 1.43370
0 20 8000000 0 0 20 20000000 1 1.55754
0 20 8000000 0 0 20 21000000 1 1.81926
0 20 8000000 0 0 20 22000000 1 1.89769
0 20 8000000 0 0 20 23000000 1 1.67882
0 20 8000000 0 0 20 24000000 1 1.61811
0 20 8000000 0 0 20 25000000 1 1.55886
0 20 8000000 0 0 20 26000000 1 0.97072
0 20 8000000 0 0 20 29000000 1 1.14279
0 20 8000000 0 0 20 30000000 1 0.92293
0 20 8000000 0 0 20 31000000 1 0.55628
0 20 8000000 0 0 20 32000000 1 0.38542
0 20 8000000 0 0 20 33000000 1 0.28141
0 20 8000000 0 0 20 34000000 1 0.27433
0 20 8000000 0 0 20 35000000 1 0.29507
0 20 8000000 0 0 20 36000000 1 0.43028
0 20 8000000 0 0 20 37000000 1 0.91750
0 20 8000000 0 0 20 38000000 1 1.27519
0 20 8000000 0 0 20 39000000 1 1.09539
0 20 8000000 0 0 20 40000000 1 1.22039
0 20 8000000 0 0 20 41000000 1 1.34856
0 20 8000000 0 0 20 42000000 1 0.83382
0 20 8000000 0 0 20 43000000 1 0.67141
0 20 8000000 0 0 20 44000000 1 0.57977
0 20 8000000 0 0 20 45000000 1 0.57806
0 20 8000000 0 0 20 46000000 1 0.45764
0 20 8000000 0 0 20 47000000 1 0.39845
0 20 8000000 0 0 20 48000000 1 0.52676
0 20 8000000 0 0 20 49000000 1 0.99135
0 20 8000000 0 0 20 50000000 1 1.64615
0 20 8000000 0 0 20 51000000 1 1.74590
0 20 8000000 0 0 20 52000000 1 1.48339
0 20 8000000 0 0 20 53000000 1 1.97515
0 20 8000000 0 0 20 54000000 1 1.81114
0 20 8000000 0 0 20 55000000 1 1.52735
0 20 8000000 0 0 20 56000000 1 1.09313
0 20 8000000 0 0 20 57000000 1 1.29365
0 20 8000000 0 0 20 58000000 1 1.80342
0 20 8000000 0 0 20 59000000 1 1.36549
0 20 8000000 0 0 20 60000000 1 1.21621
0 20 8000000 0 0 20 61000000 1 0.64711
0 20 8000000 0 0 20 62000000 1 0.43190
0 20 9000000 0 0 20 9000000 1 0.93609
0 20 9000000 0 0 20 10000000 1 1.05111
0 20 9000000 0 0 20 11000000 1 1.69773
0 20 9000000 0 0 20 12000000 1 2.13527
0 20 9000000 0 0 20 13000000 1 1.91147
0 20 9000000 0 0 20 14000000 1 1.33326
0 20 9000000 0 0 20 15000000 1 1.33092
0 20 9000000 0 0 20 16000000 1 1.67149
0 20 9000000 0 0 20 17000000 1 1.53044
0 20 9000000 0 0 20 18000000 1 1.15311
0 20 9000000 0 0 20 19000000 1 1.40447
0 20 9000000 0 0 20 20000000 1 1.42239
0 20 9000000 0 0 20 21000000 1 1.91674
0 20 9000000 0 0 20 22000000 1 2.11963
0 20 9000000 0 0 20 23000000 1 1.80415
0 20 9000000 0 0 20 24000000 1 1.80023
0 20 9000000 0 0 20 25000000 1 1.52233
0 20 9000000 0 0 20 26000000 1 1.15095
0 20 9000000 0 0 20 29000000 1 1.30403
0 20 9000000 0 0 20 30000000 1 0.86730
0 20 9000000 0 0 20 31000000 1 0.52615
0 20 9000000 0 0 20 32000000 1 0.31658
0 20 9000000 0 0 20 33000000 1 0.22656
0 20 9000000 0 0 20 34000000 1 0.22462
0 20 9000000 0 0 20 35000000 1 0.24834
0 20 9000000 0 0 20 36000000 1 0.37969
0 20 9000000 0 0 20 37000000 1 0.85509
0 20 9000000 0 0 20 38000000 1 1.32089
0 20 9000000 0 0 20 39000000 1 1.08583
0 20 9000000 0 0 20 40000000 1 1.24122
0 20 9000000 0 0 20 41000000 1 1.54238
0 20 9000000 0 0 20 42000000 1 0.67851
0 20 9000000 0 0 20 43000000 1 0.58880
0 20 9000000 0 0 20 44000000 1 0.53562
0 20 9000000 0 0 20 45000000 1 0.56767
0 20 9000000 0 0 20 46000000 1 0.42713
0 20 9000000 0 0 20 47000000 1 0.35325
0 20 9000000 0 0 20 48000000 1 0.46456
0 20 9000000 0 0 20 49000000 1 0.94956
0 20 9000000 0 0 20 50000000 1 1.56468
0 20 9000000 0 0 20 51000000 1 1.71379
0 20 9000000 0 0 20 52000000 1 1.27716
0 20 9000000 0 0 20 53000000 1 1.94258
0 20 9000000 0 0 20 54000000 1 1.97195
0 20 9000000 0 0 20 55000000 1 1.58377
0 20 9000000 0 0 20 56000000 1 1.06714
0 20 9000000 0 0 20 57000000 1 1.16500
0 20 9000000 0 0 20 58000000 1 1.91470
0 20 9000000 0 0 20 59000000 1 1.59688
0 20 9000000 0 0 20 60000000 1 1.26341
0 20 9000000 0 0 20 61000000 1 0.59594
0 20 9000000 0 0 20 62000000 1 0.40765
0 20 10000000 0 0 20 10000000 1 0.90234
0 20 10000000 0 0 20 11000000 1 1.61688
0 20 10000000 0 0 20 12000000 1 1.21095
0 20 10000000 0 0 20 13000000 1 1.62305
0 20 10000000 0 0 20 14000000 1 1.00881
0 20 10000000 0 0 20 15000000 1 1.04565
0 20 10000000 0 0 20 16000000 1 1.26655
0 20 10000000 0 0 20 17000000 1 1.23763
0 20 10000000 0 0 20 18000000 1 1.13096
0 20 10000000 0 0 20 19000000 1 1.18756
0 20 10000000 0 0 20 20000000 1 1.36981
0 20 10000000 0 0 20 21000000 1 1.47520
0 20 10000000 0 0 20 22000000 1 1.40879
0 20 10000000 0 0 20 23000000 1 1.56456
0 20 10000000 0 0 20 24000000 1 1.40634
0 20 10000000 0 0 20 25000000 1 1.65782
0 20 10000000 0 0 20 26000000 1 0.76443
0 20 10000000 0 0 20 29000000 1 0.97382
0 20 10000000 0 0 20 30000000 1 1.16625
0 20 10000000 0 0 20 31000000 1 0.57643
0 20 10000000 0 0 20 32000000 1 0.41033
0 20 10000000 0 0 20 33000000 1 0.31012
0 20 10000000 0 0 20 34000000 1 0.28345
0 20 10000000 0 0 20 35000000 1 0.34042
0 20 10000000 0 0 20 36000000 1 0.45799
0 20 10000000 0 0 20 37000000 1 0.89980
0 20 10000000 0 0 20 38000000 1 1.01789
0 20 10000000 0 0 20 39000000 1 0.97232
0 20 10000000 0 0 20 40000000 1 0.98838
0 20 10000000 0 0 20 41000000 1 0.99362
0 20 10000000 0 0 20 42000000 1 0.82151
0 20 10000000 0 0 20 43000000 1 0.68896
0 20 10000000 0 0 20 44000000 1 0.56474
0 20 10000000 0 0 20 45000000 1 0.55306
0 20 10000000 0 0 20 46000000 1 0.47077
0 20 10000000 0 0 20 47000000 1 0.45728
0 20 10000000 0 0 20 48000000 1 0.59189
0 20 10000000 0 0 20 49000000 1 1.04510
0 20 10000000 0 0 20 50000000 1 1.44650
0 20 10000000 0 0 20 51000000 1 1.38647
0 20 10000000 0 0 20 52000000 1 1.53874
0 20 10000000 0 0 20 53000000 1 1.54863
0 20 10000000 0 0 20 54000000 1 1.46038
0 20 10000000 0 0 20 55000000 1 1.41788
0 20 10000000 0 0 20 56000000 1 1.15301
0 20 10000000 0 0 20 57000000 1 1.19967
0 20 10000000 0 0 20 58000000 1 1.55947
0 20 10000000 0 0 20 59000000 1 1.16986
0 20 10000000 0 0 20 60000000 1 1.31221
0 20 10000000 0 0 20 61000000 1 0.75799
0 20 10000000 0 0 20 62000000 1 0.54804
0 20 11000000 0 0 20 11000000 1 0.90091
0 20 11000000 0 0 20 12000000 1 1.04259
0 20 11000000 0 0 20 13000000 1 1.17680
0 20 11000000 0 0 20 14000000 1 0.84015
0 20 11000000 0 0 20 15000000 1 0.87985
0 20 11000000 0 0 20 16000000 1 1.14968
0 20 11000000 0 0 20 17000000 1 0.97644
0 20 11000000 0 0 20 18000000 1 0.86619
0 20 11000000 0 0 20 19000000 1 0.96961
0 20 11000000 0 0 20 20000000 1 1.06860
0 20 11000000 0 0 20 21000000 1 1.40273
0 20 11000000 0 0 20 22000000 1 1.49460
0 20 11000000 0 0 20 23000000 1 1.29025
0 20 11000000 0 0 20 24000000 1 1.24986
0 20 11000000 0 0 20 25000000 1 1.43592
0 20 11000000 0 0 20 26000000 1 1.29836
0 20 11000000 0 0 20 29000000 1 1.38093
0 20 11000000 0 0 20 30000000 1 0.90760
0 20 11000000 0 0 20 31000000 1 0.43628
0 20 11000000 0 0 20 32000000 1 0.33036
0 20 11000000 0 0 20 33000000 1 0.22752
0 20 11000000 0 0 20 34000000 1 0.22380
0 20 11000000 0 0 20 35000000 1 0.27424
0 20 11000000 0 0 20 36000000 1 0.34848
0 20 11000000 0 0 20 37000000 1 0.69069
0 20 11000000 0 0 20 38000000 1 1.01041
0 20 11000000 0 0 20 39000000 1 0.77649
0 20 11000000 0 0 20 40000000 1 0.90449
0 20 11000000 0 0 20 41000000 1 1.01237
0 20 11000000 0 0 20 42000000 1 0.66868
0 20 11000000 0 0 20 43000000 1 0.49847
0 20 11000000 0 0 20 44000000 1 0.41469
0 20 11000000 0 0 20 45000000 1 0.47462
0 20 11000000 0 0 20 46000000 1 0.39395
0 20 11000000 0 0 20 47000000 1 0.39003
0 20 11000000 0 0 20 48000000 1 0.45265
0 20 11000000 0 0 20 49000000 1 0.77740
0 20 11000000 0 0 20 50000000 1 1.22963
0 20 11000000 0 0 20 51000000 1 1.35484
0 20 11000000 0 0 20 52000000 1 1.29444
0 20 11000000 0 0 20 53000000 1 1.92816
0 20 11000000 0 0 20 54000000 1 1.90865
0 20 11000000 0 0 20 55000000 1 1.17419
0 20 11000000 0 0 20 56000000 1 0.83637
0 20 11000000 0 0 20 57000000 1 0.91318
0 20 11000000 0 0 20 58000000 1 1.54615
0 20 11000000 0 0 20 59000000 1 1.80628
0 20 11000000 0 0 20 60000000 1 1.32649
0 20 11000000 0 0 20 61000000 1 0.55744
0 20 11000000 0 0 20 62000000 1 0.41527
0 20 12000000 0 0 20 12000000 1 0.99014
0 20 12000000 0 0 20 13000000 1 0.86200
0 20 12000000 0 0 20 14000000 1 0.76553
0 20 12000000 0 0 20 15000000 1 0.92308
0 20 12000000 0 0 20 16000000 1 1.37448
0 20 12000000 0 0 20 17000000 1 1.19127
0 20 12000000 0 0 20 18000000 1 0.79890
0 20 12000000 0 0 20 19000000 1 1.10555
0 20 12000000 0 0 20 20000000 1 1.00634
0 20 12000000 0 0 20 21000000 1 2.03992
0 20 12000000 0 0 20 22000000 1 2.40734
0 20 12000000 0 0 20 23000000 1 1.52084
0 20 12000000 0 0 20 24000000 1 1.71646
0 20 12000000 0 0 20 25000000 1 1.37705
0 20 12000000 0 0 20 26000000 1 2.27594
0 20 12000000 0 0 20 29000000 1 2.41634
0 20 12000000 0 0 20 30000000 1 0.54588
0 20 12000000 0 0 20 31000000 1 0.32338
0 20 12000000 0 0 20 32000000 1 0.18042
0 20 12000000 0 0 20 33000000 1 0.15446
0 20 12000000 0 0 20 34000000 1 0.15348
0 20 12000000 0 0 20 35000000 1 0.15124
0 20 12000000 0 0 20 36000000 1 0.24837
0 20 12000000 0 0 20 37000000 1 0.56036
0 20 12000000 0 0 20 38000000 1 1.24207
0 20 12000000 0 0 20 39000000 1 0.76051
0 20 12000000 0 0 20 40000000 1 1.11504
0 20 12000000 0 0 20 41000000 1 1.55845
0 20 12000000 0 0 20 42000000 1 0.40206
0 20 12000000 0 0 20 43000000 1 0.36502
0 20 12000000 0 0 20 44000000 1 0.35624
0 20 12000000 0 0 20 45000000 1 0.47151
0 20 12000000 0 0 20 46000000 1 0.30612
0 20 12000000 0 0 20 47000000 1 0.20733
0 20 12000000 0 0 20 48000000 1 0.25351
0 20 12000000 0 0 20 49000000 1 0.56144
0 20 12000000 0 0 20 50000000 1 1.25996
0 20 12000000 0 0 20 51000000 1 1.76166
0 20 12000000 0 0 20 52000000 1 0.89691
0 20 12000000 0 0 20 53000000 1 2.84965
0 20 12000000 0 0 20 54000000 1 3.34580
0 20 12000000 0 0 20 55000000 1 1.30607
0 20 12000000 0 0 20 56000000 1 0.71366
0 20 12000000 0 0 20 57000000 1 0.80877
0 20 12000000 0 0 20 58000000 1 2.15633
0 20 12000000 0 0 20 59000000 1 3.53613
0 20 12000000 0 0 20 60000000 1 1.68386
0 20 12000000 0 0 20 61000000 1 0.36820
0 20 12000000 0 0 20 62000000 1 0.25160
0 20 13000000 0 0 20 13000000 1 0.97583
0 20 13000000 0 0 20 14000000 1 0.61057
0 20 13000000 0 0 20 15000000 1 1.09816
0 20 13000000 0 0 20 16000000 1 1.75784
0 20 13000000 0 0 20 17000000 1 1.51297
0 20 13000000 0 0 20 18000000 1 1.38035
0 20 13000000 0 0 20 19000000 1 1.37184
0 20 13000000 0 0 20 20000000 1 1.66341
0 20 13000000 0 0 20 21000000 1 1.84983
0 20 13000000 0 0 20 22000000 1 1.65425
0 20 13000000 0 0 20 23000000 1 1.81010
0 20 13000000 0 0 20 24000000 1 1.63088
0 20 13000000 0 0 20 25000000 1 1.95998
0 20 13000000 0 0 20 26000000 1 0.90823
0 20 13000000 0 0 20 29000000 1 1.11978
0 20 13000000 0 0 20 30000000 1 1.26441
0 20 13000000 0 0 20 31000000 1 0.62580
0 20 13000000 0 0 20 32000000 1 0.45620
0 20 13000000 0 0 20 33000000 1 0.35476
0 20 13000000 0 0 20 34000000 1 0.32072
0 20 13000000 0 0 20 35000000 1 0.36823
0 20 13000000 0 0 20 36000000 1 0.48667
0 20 13000000 0 0 20 37000000 1 1.05182
0 20 13000000 0 0 20 38000000 1 1.18045
0 20 13000000 0 0 20 39000000 1 1.13549
0 20 13000000 0 0 20 40000000 1 1.21960
0 20 13000000 0 0 20 41000000 1 1.17912
0 20 13000000 0 0 20 42000000 1 0.88689
0 20 13000000 0 0 20 43000000 1 0.68209
0 20 13000000 0 0 20 44000000 1 0.58020
0 20 13000000 0 0 20 45000000 1 0.58461
0 20 13000000 0 0 20 46000000 1 0.46514
0 20 13000000 0 0 20 47000000 1 0.47440
0 20 13000000 0 0 20 48000000 1 0.60128
0 20 13000000 0 0 20 49000000 1 1.11923
0 20 13000000 0 0 20 50000000 1 1.61368
0 20 13000000 0 0 20 51000000 1 1.57798
0 20 13000000 0 0 20 52000000 1 1.60908
0 20 13000000 0 0 20 53000000 1 1.82051
0 20 13000000 0 0 20 54000000 1 1.69152
0 20 13000000 0 0 20 55000000 1 1.62007
0 20 13000000 0 0 20 56000000 1 1.17427
0 20 13000000 0 0 20 57000000 1 1.27551
0 20 13000000 0 0 20 58000000 1 1.74118
0 20 13000000 0 0 20 59000000 1 1.25163
0 20 13000000 0 0 20 60000000 1 1.42724
0 20 13000000 0 0 20 61000000 1 0.77321
0 20 13000000 0 0 20 62000000 1 0.51315
0 20 14000000 0 0 20 14000000 1 0.97244
0 20 14000000 0 0 20 15000000 1 1.64270
0 20 14000000 0 0 20 16000000 1 2.06502
0 20 14000000 0 0 20 17000000 1 1.18874
0 20 14000000 0 0 20 18000000 1 0.99333
0 20 14000000 0 0 20 19000000 1 1.12976
0 20 14000000 0 0 20 20000000 1 1.19511
0 20 14000000 0 0 20 21000000 1 1.33953
0 20 14000000 0 0 20 22000000 1 1.27299
0 20 14000000 0 0 20 23000000 1 1.21588
0 20 14000000 0 0 20 24000000 1 1.14526
0 20 14000000 0 0 20 25000000 1 1.19567
0 20 14000000 0 0 20 26000000 1 0.79340
0 20 14000000 0 0 20 29000000 1 0.83306
0 20 14000000 0 0 20 30000000 1 0.83761
0 20 14000000 0 0 20 31000000 1 0.51509
0 20 14000000 0 0 20 32000000 1 0.37887
0 20 14000000 0 0 20 33000000 1 0.29895
0 20 14000000 0 0 20 34000000 1 0.26447
0 20 14000000 0 0 20 35000000 1 0.33778
0 20 14000000 0 0 20 36000000 1 0.42471
0 20 14000000 0 0 20 37000000 1 0.79288
0 20 14000000 0 0 20 38000000 1 1.09933
0 20 14000000 0 0 20 39000000 1 0.84755
0 20 14000000 0 0 20 40000000 1 0.96707
0 20 14000000 0 0 20 41000000 1 0.96926
0 20 14000000 0 0 20 42000000 1 0.71135
0 20 14000000 0 0 20 43000000 1 0.54858
0 20 14000000 0 0 20 44000000 1 0.46571
0 20 14000000 0 0 20 45000000 1 0.47783
0 20 14000000 0 0 20 46000000 1 0.40272
0 20 14000000 0 0 20 47000000 1 0.42574
0 20 14000000 0 0 20 48000000 1 0.54388
0 20 14000000 0 0 20 49000000 1 0.85655
0 20 14000000 0 0 20 50000000 1 1.27585
0 20 14000000 0 0 20 51000000 1 1.29212
0 20 14000000 0 0 20 52000000 1 1.13399
0 20 14000000 0 0 20 53000000 1 1.51050
0 20 14000000 0 0 20 54000000 1 1.35324
0 20 14000000 0 0 20 55000000 1 1.12611
0 20 14000000 0 0 20 56000000 1 0.84405
0 20 14000000 0 0 20 57000000 1 0.89695
0 20 14000000 0 0 20 58000000 1 1.22993
0 20 14000000 0 0 20 59000000 1 0.99902
0 20 14000000 0 0 20 60000000 1 0.96978
0 20 14000000 0 0 20 61000000 1 0.53317
0 20 14000000 0 0 20 62000000 1 0.41130
0 20 15000000 0 0 20 15000000 1 0.88052
0 20 15000000 0 0 20 16000000 1 1.42283
0 20 15000000 0 0 20 17000000 1 0.86674
0 20 15000000 0 0 20 18000000 1 0.84955
0 20 15000000 0 0 20 19000000 1 0.97574
0 20 15000000 0 0 20 20000000 1 1.06352
0 20 15000000 0 0 20 21000000 1 1.21621
0 20 15000000 0 0 20 22000000 1 1.15402
0 20 15000000 0 0 20 23000000 1 1.15653
0 20 15000000 0 0 20 24000000 1 1.13232
0 20 15000000 0 0 20 25000000 1 1.11359
0 20 15000000 0 0 20 26000000 1 0.63120
0 20 15000000 0 0 20 29000000 1 0.81203
0 20 15000000 0 0 20 30000000 1 0.80213
0 20 15000000 0 0 20 31000000 1 0.51843
0 20 15000000 0 0 20 32000000 1 0.37679
0 20 15000000 0 0 20 33000000 1 0.28656
0 20 15000000 0 0 20 34000000 1 0.25782
0 20 15000000 0 0 20 35000000 1 0.29380
0 20 15000000 0 0 20 36000000 1 0.43477
0 20 15000000 0 0 20 37000000 1 0.78290
0 20 15000000 0 0 20 38000000 1 0.96334
0 20 15000000 0 0 20 39000000 1 0.85779
0 20 15000000 0 0 20 40000000 1 0.96938
0 20 15000000 0 0 20 41000000 1 0.99316
0 20 15000000 0 0 20 42000000 1 0.69250
0 20 15000000 0 0 20 43000000 1 0.56057
0 20 15000000 0 0 20 44000000 1 0.45794
0 20 15000000 0 0 20 45000000 1 0.47838
0 20 15000000 0 0 20 46000000 1 0.39276
0 20 15000000 0 0 20 47000000 1 0.39460
0 20 15000000 0 0 20 48000000 1 0.49801
0 20 15000000 0 0 20 49000000 1 0.84762
0 20 15000000 0 0 20 50000000 1 1.23951
0 20 15000000 0 0 20 51000000 1 1.21982
0 20 15000000 0 0 20 52000000 1 1.12429
0 20 15000000 0 0 20 53000000 1 1.32462
0 20 15000000 0 0 20 54000000 1 1.22357
0 20 15000000 0 0 20 55000000 1 1.14099
0 20 15000000 0 0 20 56000000 1 0.91703
0 20 15000000 0 0 20 57000000 1 0.90864
0 20 15000000 0 0 20 58000000 1 1.22129
0 20 15000000 0 0 20 59000000 1 1.01374
0 20 15000000 0 0 20 60000000 1 0.98819
0 20 15000000 0 0 20 61000000 1 0.55371
0 20 15000000 0 0 20 62000000 1 0.42547
0 20 16000000 0 0 20 16000000 1 0.86958
0 20 16000000 0 0 20 17000000 1 0.74381
0 20 16000000 0 0 20 18000000 1 0.88300
0 20 16000000 0 0 20 19000000 1 1.17469
0 20 16000000 0 0 20 20000000 1 1.14509
0 20 16000000 0 0 20 21000000 1 1.44342
0 20 16000000 0 0 20 22000000 1 1.48212
0 20 16000000 0 0 20 23000000 1 1.44936
0 20 16000000 0 0 20 24000000 1 1.42091
0 20 16000000 0 0 20 25000000 1 1.25545
0 20 16000000 0 0 20 26000000 1 0.91460
0 20 16000000 0 0 20 29000000 1 1.01939
0 20 16000000 0 0 20 30000000 1 0.82444
0 20 16000000 0 0 20 31000000 1 0.57329
0 20 16000000 0 0 20 32000000 1 0.36521
0 20 16000000 0 0 20 33000000 1 0.27580
0 20 16000000 0 0 20 34000000 1 0.27985
0 20 16000000 0 0 20 35000000 1 0.28851
0 20 16000000 0 0 20 36000000 1 0.47581
0 20 16000000 0 0 20 37000000 1 0.89112
0 20 16000000 0 0 20 38000000 1 1.23148
0 20 16000000 0 0 20 39000000 1 1.03070
0 20 16000000 0 0 20 40000000 1 1.25201
0 20 16000000 0 0 20 41000000 1 1.37345
0 20 16000000 0 0 20 42000000 1 0.77980
0 20 16000000 0 0 20 43000000 1 0.59120
0 20 16000000 0 0 20 44000000 1 0.53577
0 20 16000000 0 0 20 45000000 1 0.56025
0 20 16000000 0 0 20 46000000 1 0.43604
0 20 16000000 0 0 20 47000000 1 0.38886
0 20 16000000 0 0 20 48000000 1 0.50363
0 20 16000000 0 0 20 49000000 1 0.93726
0 20 16000000 0 0 20 50000000 1 1.46722
0 20 16000000 0 0 20 51000000 1 1.48171
0 20 16000000 0 0 20 52000000 1 1.13287
0 20 16000000 0 0 20 53000000 1 1.60282
0 20 16000000 0 0 20 54000000 1 1.54469
0 20 16000000 0 0 20 55000000 1 1.47737
0 20 16000000 0 0 20 56000000 1 1.05012
0 20 16000000 0 0 20 57000000 1 1.10549
0 20 16000000 0 0 20 58000000 1 1.72234
0 20 16000000 0 0 20 59000000 1 1.38170
0 20 16000000 0 0 20 60000000 1 1.30156
0 20 16000000 0 0 20 61000000 1 0.61838
0 20 16000000 0 0 20 62000000 1 0.44162
0 20 17000000 0 0 20 17000000 1 0.97694
0 20 17000000 0 0 20 18000000 1 1.02025
0 20 17000000 0 0 20 19000000 1 1.23287
0 20 17000000 0 0 20 20000000 1 1.24024
0 20 17000000 0 0 20 21000000 1 1.38875
0 20 17000000 0 0 20 22000000 1 1.35269
0 20 17000000 0 0 20 23000000 1 1.58077
0 20 17000000 0 0 20 24000000 1 1.46463
0 20 17000000 0 0 20 25000000 1 1.37352
0 20 17000000 0 0 20 26000000 1 0.65188
0 20 17000000 0 0 20 29000000 1 0.85480
0 20 17000000 0 0 20 30000000 1 1.24883
0 20 17000000 0 0 20 31000000 1 0.80555
0 20 17000000 0 0 20 32000000 1 0.59444
0 20 17000000 0 0 20 33000000 1 0.43999
0 20 17000000 0 0 20 34000000 1 0.42643
0 20 17000000 0 0 20 35000000 1 0.50450
0 20 17000000 0 0 20 36000000 1 0.68578
0 20 17000000 0 0 20 37000000 1 1.21554
0 20 17000000 0 0 20 38000000 1 1.22226
0 20 17000000 0 0 20 39000000 1 1.22646
0 20 17000000 0 0 20 40000000 1 1.37336
0 20 17000000 0 0 20 41000000 1 1.45217
0 20 17000000 0 0 20 42000000 1 1.08484
0 20 17000000 0 0 20 43000000 1 0.90005
0 20 17000000 0 0 20 44000000 1 0.78760
0 20 17000000 0 0 20 45000000 1 0.74406
0 20 17000000 0 0 20 46000000 1 0.61830
0 20 17000000 0 0 20 47000000 1 0.63488
0 20 17000000 0 0 20 48000000 1 0.85102
0 20 17000000 0 0 20 49000000 1 1.37738
0 20 17000000 0 0 20 50000000 1 1.58604
0 20 17000000 0 0 20 51000000 1 1.38530
0 20 17000000 0 0 20 52000000 1 1.28655
0 20 17000000 0 0 20 53000000 1 1.35396
0 20 17000000 0 0 20 54000000 1 1.42741
0 20 17000000 0 0 20 55000000 1 1.73559
0 20 17000000 0 0 20 56000000 1 1.44146
0 20 17000000 0 0 20 57000000 1 1.67060
0 20 17000000 0 0 20 58000000 1 1.89278
0 20 17000000 0 0 20 59000000 1 1.31026
0 20 17000000 0 0 20 60000000 1 1.78363
0 20 17000000 0 0 20 61000000 1 1.21074
0 20 17000000 0 0 20 62000000 1 0.80930
0 20 18000000 0 0 20 18000000 1 0.92395
0 20 18000000 0 0 20 19000000 1 1.32773
0 20 18000000 0 0 20 20000000 1 1.06988
0 20 18000000 0 0 20 21000000 1 1.05544
0 20 18000000 0 0 20 22000000 1 0.91197
0 20 18000000 0 0 20 23000000 1 1.27238
0 20 18000000 0 0 20 24000000 1 1.16538
0 20 18000000 0 0 20 25000000 1 1.33756
0 20 18000000 0 0 20 26000000 1 0.50818
0 20 18000000 0 0 20 29000000 1 0.73408
0 20 18000000 0 0 20 30000000 1 1.45274
0 20 18000000 0 0 20 31000000 1 0.98443
0 20 18000000 0 0 20 32000000 1 0.71949
0 20 18000000 0 0 20 33000000 1 0.57743
0 20 18000000 0 0 20 34000000 1 0.53922
0 20 18000000 0 0 20 35000000 1 0.60270
0 20 18000000 0 0 20 36000000 1 0.81671
0 20 18000000 0 0 20 37000000 1 1.28899
0 20 18000000 0 0 20 38000000 1 1.06963
0 20 18000000 0 0 20 39000000 1 1.20736
0 20 18000000 0 0 20 40000000 1 1.25480
0 20 18000000 0 0 20 41000000 1 1.14108
0 20 18000000 0 0 20 42000000 1 1.20944
0 20 18000000 0 0 20 43000000 1 1.07181
0 20 18000000 0 0 20 44000000 1 0.89668
0 20 18000000 0 0 20 45000000 1 0.86057
0 20 18000000 0 0 20 46000000 1 0.71786
0 20 18000000 0 0 20 47000000 1 0.77569
0 20 18000000 0 0 20 48000000 1 0.96438
0 20 18000000 0 0 20 49000000 1 1.44651
0 20 18000000 0 0 20 50000000 1 1.49932
0 20 18000000 0 0 20 51000000 1 1.14235
0 20 18000000 0 0 20 52000000 1 1.19622
0 20 18000000 0 0 20 53000000 1 1.04247
0 20 18000000 0 0 20 54000000 1 1.10058
0 20 18000000 0 0 20 55000000 1 1.65826
0 20 18000000 0 0 20 56000000 1 1.52714
0 20 18000000 0 0 20 57000000 1 1.67919
0 20 18000000 0 0 20 58000000 1 1.68238
0 20 18000000 0 0 20 59000000 1 0.99317
0 20 18000000 0 0 20 60000000 1 1.73779
0 20 18000000 0 0 20 61000000 1 1.35656
0 20 18000000 0 0 20 62000000 1 0.91315
0 20 19000000 0 0 20 19000000 1 0.94188
0 20 19000000 0 0 20 20000000 1 0.76682
0 20 19000000 0 0 20 21000000 1 0.97455
0 20 19000000 0 0 20 22000000 1 1.02011
0 20 19000000 0 0 20 23000000 1 1.28550
0 20 19000000 0 0 20 24000000 1 1.32902
0 20 19000000 0 0 20 25000000 1 1.08610
0 20 19000000 0 0 20 26000000 1 0.59234
0 20 19000000 0 0 20 29000000 1 0.88546
0 20 19000000 0 0 20 30000000 1 1.02937
0 20 19000000 0 0 20 31000000 1 0.86624
0 20 19000000 0 0 20 32000000 1 0.53347
0 20 19000000 0 0 20 33000000 1 0.40310
0 20 19000000 0 0 20 34000000 1 0.41820
0 20 19000000 0 0 20 35000000 1 0.43026
0 20 19000000 0 0 20 36000000 1 0.68714
0 20 19000000 0 0 20 37000000 1 1.20534
0 20 19000000 0 0 20 38000000 1 1.36126
0 20 19000000 0 0 20 39000000 1 1.26557
0 20 19000000 0 0 20 40000000 1 1.43844
0 20 19000000 0 0 20 41000000 1 1.56404
0 20 19000000 0 0 20 42000000 1 1.02109
0 20 19000000 0 0 20 43000000 1 0.89934
0 20 19000000 0 0 20 44000000 1 0.79969
0 20 19000000 0 0 20 45000000 1 0.86162
0 20 19000000 0 0 20 46000000 1 0.70859
0 20 19000000 0 0 20 47000000 1 0.61507
0 20 19000000 0 0 20 48000000 1 0.81220
0 20 19000000 0 0 20 49000000 1 1.34949
0 20 19000000 0 0 20 50000000 1 1.63858
0 20 19000000 0 0 20 51000000 1 1.42300
0 20 19000000 0 0 20 52000000 1 1.09743
0 20 19000000 0 0 20 53000000 1 1.23972
0 20 19000000 0 0 20 54000000 1 1.28963
0 20 19000000 0 0 20 55000000 1 1.84433
0 20 19000000 0 0 20 56000000 1 1.57775
0 20 19000000 0 0 20 57000000 1 1.65865
0 20 19000000 0 0 20 58000000 1 2.08721
0 20 19000000 0 0 20 59000000 1 1.47867
0 20 19000000 0 0 20 60000000 1 1.78775
0 20 19000000 0 0 20 61000000 1 1.12958
0 20 19000000 0 0 20 62000000 1 0.66590
0 20 20000000 0 0 20 20000000 1 0.98724
0 20 20000000 0 0 20 21000000 1 1.07248
0 20 20000000 0 0 20 22000000 1 0.85403
0 20 20000000 0 0 20 23000000 1 1.26652
0 20 20000000 0 0 20 24000000 1 1.11229
0 20 20000000 0 0 20 25000000 1 1.21161
0 20 20000000 0 0 20 26000000 1 0.50277
0 20 20000000 0 0 20 29000000 1 0.77538
0 20 20000000 0 0 20 30000000 1 1.36427
0 20 20000000 0 0 20 31000000 1 0.89095
0 20 20000000 0 0 20 32000000 1 0.64423
0 20 20000000 0 0 20 33000000 1 0.49755
0 20 20000000 0 0 20 34000000 1 0.45755
0 20 20000000 0 0 20 35000000 1 0.52125
0 20 20000000 0 0 20 36000000 1 0.76088
0 20 20000000 0 0 20 37000000 1 1.26104
0 20 20000000 0 0 20 38000000 1 1.19575
0 20 20000000 0 0 20 39000000 1 1.31778
0 20 20000000 0 0 20 40000000 1 1.37742
0 20 20000000 0 0 20 41000000 1 1.33262
0 20 20000000 0 0 20 42000000 1 1.15959
0 20 20000000 0 0 20 43000000 1 0.98388
0 20 20000000 0 0 20 44000000 1 0.82265
0 20 20000000 0 0 20 45000000 1 0.81895
0 20 20000000 0 0 20 46000000 1 0.63301
0 20 20000000 0 0 20 47000000 1 0.68816
0 20 20000000 0 0 20 48000000 1 0.91911
0 20 20000000 0 0 20 49000000 1 1.46921
0 20 20000000 0 0 20 50000000 1 1.68300
0 20 20000000 0 0 20 51000000 1 1.34577
0 20 20000000 0 0 20 52000000 1 1.36397
0 20 20000000 0 0 20 53000000 1 1.18845
0 20 20000000 0 0 20 54000000 1 1.22441
0 20 20000000 0 0 20 55000000 1 1.91298
0 20 20000000 0 0 20 56000000 1 1.66593
0 20 20000000 0 0 20 57000000 1 1.81239
0 20 20000000 0 0 20 58000000 1 2.01816
0 20 20000000 0 0 20 59000000 1 1.15612
0 20 20000000 0 0 20 60000000 1 1.85315
0 20 20000000 0 0 20 61000000 1 1.27469
0 20 20000000 0 0 20 62000000 1 0.79287
0 20 21000000 0 0 20 21000000 1 0.90751
0 20 21000000 0 0 20 22000000 1 0.90469
0 20 21000000 0 0 20 23000000 1 1.17232
0 20 21000000 0 0 20 24000000 1 1.18992
0 20 21000000 0 0 20 25000000 1 1.18434
0 20 21000000 0 0 20 26000000 1 1.01406
0 20 21000000 0 0 20 29000000 1 1.45418
0 20 21000000 0 0 20 30000000 1 1.04130
0 20 21000000 0 0 20 31000000 1 0.61470
0 20 21000000 0 0 20 32000000 1 0.40822
0 20 21000000 0 0 20 33000000 1 0.30854
0 20 21000000 0 0 20 34000000 1 0.29785
0 20 21000000 0 0 20 35000000 1 0.33159
0 20 21000000 0 0 20 36000000 1 0.48495
0 20 21000000 0 0 20 37000000 1 1.07053
0 20 21000000 0 0 20 38000000 1 1.34061
0 20 21000000 0 0 20 39000000 1 1.19098
0 20 21000000 0 0 20 40000000 1 1.43844
0 20 21000000 0 0 20 41000000 1 1.72168
0 20 21000000 0 0 20 42000000 1 0.89427
0 20 21000000 0 0 20 43000000 1 0.72979
0 20 21000000 0 0 20 44000000 1 0.62703
0 20 21000000 0 0 20 45000000 1 0.71806
0 20 21000000 0 0 20 46000000 1 0.51710
0 20 21000000 0 0 20 47000000 1 0.45265
0 20 21000000 0 0 20 48000000 1 0.55210
0 20 21000000 0 0 20 49000000 1 1.12422
0 20 21000000 0 0 20 50000000 1 1.71120
0 20 21000000 0 0 20 51000000 1 1.65611
0 20 21000000 0 0 20 52000000 1 1.22103
0 20 21000000 0 0 20 53000000 1 1.94325
0 20 21000000 0 0 20 54000000 1 2.20032
0 20 21000000 0 0 20 55000000 1 2.11312
0 20 21000000 0 0 20 56000000 1 1.45436
0 20 21000000 0 0 20 57000000 1 1.65576
0 20 21000000 0 0 20 58000000 1 2.74277
0 20 21000000 0 0 20 59000000 1 2.53095
0 20 21000000 0 0 20 60000000 1 2.21062
0 20 21000000 0 0 20 61000000 1 0.94500
0 20 21000000 0 0 20 62000000 1 0.57298
0 20 22000000 0 0 20 22000000 1 0.92451
0 20 22000000 0 0 20 23000000 1 1.19547
0 20 22000000 0 0 20 24000000 1 1.12190
0 20 22000000 0 0 20 25000000 1 1.01393
0 20 22000000 0 0 20 26000000 1 1.12517
0 20 22000000 0 0 20 29000000 1 1.56696
0 20 22000000 0 0 20 30000000 1 0.76960
0 20 22000000 0 0 20 31000000 1 0.50590
0 20 22000000 0 0 20 32000000 1 0.26636
0 20 22000000 0 0 20 33000000 1 0.21862
0 20 22000000 0 0 20 34000000 1 0.23194
0 20 22000000 0 0 20 35000000 1 0.22457
0 20 22000000 0 0 20 36000000 1 0.38747
0 20 22000000 0 0 20 37000000 1 0.89036
0 20 22000000 0 0 20 38000000 1 1.43592
0 20 22000000 0 0 20 39000000 1 1.17298
0 20 22000000 0 0 20 40000000 1 1.49376
0 20 22000000 0 0 20 41000000 1 2.01030
0 20 22000000 0 0 20 42000000 1 0.70469
0 20 22000000 0 0 20 43000000 1 0.54913
0 20 22000000 0 0 20 44000000 1 0.53484
0 20 22000000 0 0 20 45000000 1 0.65604
0 20 22000000 0 0 20 46000000 1 0.44505
0 20 22000000 0 0 20 47000000 1 0.32918
0 20 22000000 0 0 20 48000000 1 0.39188
0 20 22000000 0 0 20 49000000 1 0.99576
0 20 22000000 0 0 20 50000000 1 1.67788
0 20 22000000 0 0 20 51000000 1 1.84159
0 20 22000000 0 0 20 52000000 1 1.02689
0 20 22000000 0 0 20 53000000 1 2.14726
0 20 22000000 0 0 20 54000000 1 2.63222
0 20 22000000 0 0 20 55000000 1 2.28465
0 20 22000000 0 0 20 56000000 1 1.41869
0 20 22000000 0 0 20 57000000 1 1.63536
0 20 22000000 0 0 20 58000000 1 3.30623
0 20 22000000 0 0 20 59000000 1 3.34985
0 20 22000000 0 0 20 60000000 1 2.28101
0 20 22000000 0 0 20 61000000 1 0.76183
0 20 22000000 0 0 20 62000000 1 0.43875
0 20 23000000 0 0 20 23000000 1 0.87351
0 20 23000000 0 0 20 24000000 1 0.85613
0 20 23000000 0 0 20 25000000 1 1.14360
0 20 23000000 0 0 20 26000000 1 0.71737
0 20 23000000 0 0 20 29000000 1 1.12036
0 20 23000000 0 0 20 30000000 1 1.18135
0 20 23000000 0 0 20 31000000 1 0.71573
0 20 23000000 0 0 20 32000000 1 0.42528
0 20 23000000 0 0 20 33000000 1 0.30494
0 20 23000000 0 0 20 34000000 1 0.30968
0 20 23000000 0 0 20 35000000 1 0.35212
0 20 23000000 0 0 20 36000000 1 0.55849
0 20 23000000 0 0 20 37000000 1 1.20057
0 20 23000000 0 0 20 38000000 1 1.35328
0 20 23000000 0 0 20 39000000 1 1.41694
0 20 23000000 0 0 20 40000000 1 1.65628
0 20 23000000 0 0 20 41000000 1 1.83824
0 20 23000000 0 0 20 42000000 1 1.07684
0 20 23000000 0 0 20 43000000 1 0.89592
0 20 23000000 0 0 20 44000000 1 0.77531
0 20 23000000 0 0 20 45000000 1 0.79483
0 20 23000000 0 0 20 46000000 1 0.59055
0 20 23000000 0 0 20 47000000 1 0.52891
0 20 23000000 0 0 20 48000000 1 0.66137
0 20 23000000 0 0 20 49000000 1 1.50701
0 20 23000000 0 0 20 50000000 1 1.93532
0 20 23000000 0 0 20 51000000 1 1.66582
0 20 23000000 0 0 20 52000000 1 1.41340
0 20 23000000 0 0 20 53000000 1 1.69254
0 20 23000000 0 0 20 54000000 1 1.97138
0 20 23000000 0 0 20 55000000 1 2.84273
0 20 23000000 0 0 20 56000000 1 2.14447
0 20 23000000 0 0 20 57000000 1 2.43115
0 20 23000000 0 0 20 58000000 1 3.36608
0 20 23000000 0 0 20 59000000 1 2.39343
0 20 23000000 0 0 20 60000000 1 2.90644
0 20 23000000 0 0 20 61000000 1 1.31587
0 20 23000000 0 0 20 62000000 1 0.74795
0 20 24000000 0 0 20 24000000 1 0.94308
0 20 24000000 0 0 20 25000000 1 1.09402
0 20 24000000 0 0 20 26000000 1 0.84056
0 20 24000000 0 0 20 29000000 1 1.18962
0 20 24000000 0 0 20 30000000 1 0.98275
0 20 24000000 0 0 20 31000000 1 0.67712
0 20 24000000 0 0 20 32000000 1 0.34018
0 20 24000000 0 0 20 33000000 1 0.27033
0 20 24000000 0 0 20 34000000 1 0.28680
0 20 24000000 0 0 20 35000000 1 0.28663
0 20 24000000 0 0 20 36000000 1 0.51901
0 20 24000000 0 0 20 37000000 1 1.07608
0 20 24000000 0 0 20 38000000 1 1.37928
0 20 24000000 0 0 20 39000000 1 1.33010
0 20 24000000 0 0 20 40000000 1 1.66515
0 20 24000000 0 0 20 41000000 1 2.02822
0 20 24000000 0 0 20 42000000 1 0.92456
0 20 24000000 0 0 20 43000000 1 0.75945
0 20 24000000 0 0 20 44000000 1 0.70034
0 20 24000000 0 0 20 45000000 1 0.78200
0 20 24000000 0 0 20 46000000 1 0.59815
0 20 24000000 0 0 20 47000000 1 0.45242
0 20 24000000 0 0 20 48000000 1 0.60252
0 20 24000000 0 0 20 49000000 1 1.41703
0 20 24000000 0 0 20 50000000 1 1.98733
0 20 24000000 0 0 20 51000000 1 1.80718
0 20 24000000 0 0 20 52000000 1 1.20600
0 20 24000000 0 0 20 53000000 1 1.71425
0 20 24000000 0 0 20 54000000 1 2.00684
0 20 24000000 0 0 20 55000000 1 2.97184
0 20 24000000 0 0 20 56000000 1 2.21500
0 20 24000000 0 0 20 57000000 1 2.48117
0 20 24000000 0 0 20 58000000 1 3.79042
0 20 24000000 0 0 20 59000000 1 2.97148
0 20 24000000 0 0 20 60000000 1 3.24481
0 20 24000000 0 0 20 61000000 1 1.23906
0 20 24000000 0 0 20 62000000 1 0.65352
0 20 25000000 0 0 20 25000000 1 1.02445
0 20 25000000 0 0 20 26000000 1 0.80328
0 20 25000000 0 0 20 29000000 1 0.89354
0 20 25000000 0 0 20 30000000 1 1.25606
0 20 25000000 0 0 20 31000000 1 0.57780
0 20 25000000 0 0 20 32000000 1 0.43787
0 20 25000000 0 0 20 33000000 1 0.33495
0 20 25000000 0 0 20 34000000 1 0.32496
0 20 25000000 0 0 20 35000000 1 0.37405
0 20 25000000 0 0 20 36000000 1 0.50019
0 20 25000000 0 0 20 37000000 1 0.98252
0 20 25000000 0 0 20 38000000 1 0.91495
0 20 25000000 0 0 20 39000000 1 1.08868
0 20 25000000 0 0 20 40000000 1 1.18832
0 20 25000000 0 0 20 41000000 1 1.07324
0 20 25000000 0 0 20 42000000 1 1.09135
0 20 25000000 0 0 20 43000000 1 0.80910
0 20 25000000 0 0 20 44000000 1 0.72053
0 20 25000000 0 0 20 45000000 1 0.68471
0 20 25000000 0 0 20 46000000 1 0.51568
0 20 25000000 0 0 20 47000000 1 0.54813
0 20 25000000 0 0 20 48000000 1 0.72663
0 20 25000000 0 0 20 49000000 1 1.26218
0 20 25000000 0 0 20 50000000 1 1.62165
0 20 25000000 0 0 20 51000000 1 1.41918
0 20 25000000 0 0 20 52000000 1 1.67406
0 20 25000000 0 0 20 53000000 1 1.53960
0 20 25000000 0 0 20 54000000 1 1.89181
0 20 25000000 0 0 20 55000000 1 2.31952
0 20 25000000 0 0 20 56000000 1 1.89839
0 20 25000000 0 0 20 57000000 1 2.10535
0 20 25000000 0 0 20 58000000 1 2.73404
0 20 25000000 0 0 20 59000000 1 2.09527
0 20 25000000 0 0 20 60000000 1 3.30077
0 20 25000000 0 0 20 61000000 1 1.53673
0 20 25000000 0 0 20 62000000 1 0.89811
0 20 26000000 0 0 20 26000000 1 1.55711
0 20 26000000 0 0 20 29000000 1 0.93566
0 20 26000000 0 0 20 30000000 1 0.21359
0 20 26000000 0 0 20 31000000 1 0.14841
0 20 26000000 0 0 20 32000000 1 0.08264
0 20 26000000 0 0 20 33000000 1 0.07838
0 20 26000000 0 0 20 34000000 1 0.08652
0 20 26000000 0 0 20 35000000 1 0.08432
0 20 26000000 0 0 20 36000000 1 0.12051
0 20 26000000 0 0 20 37000000 1 0.24717
0 20 26000000 0 0 20 38000000 1 0.65646
0 20 26000000 0 0 20 39000000 1 0.34137
0 20 26000000 0 0 20 40000000 1 0.54567
0 20 26000000 0 0 20 41000000 1 0.83717
0 20 26000000 0 0 20 42000000 1 0.21714
0 20 26000000 0 0 20 43000000 1 0.19991
0 20 26000000 0 0 20 44000000 1 0.20676
0 20 26000000 0 0 20 45000000 1 0.25479
0 20 26000000 0 0 20 46000000 1 0.19074
0 20 26000000 0 0 20 47000000 1 0.13147
0 20 26000000 0 0 20 48000000 1 0.12541
0 20 26000000 0 0 20 49000000 1 0.30514
0 20 26000000 0 0 20 50000000 1 0.71041
0 20 26000000 0 0 20 51000000 1 0.97493
0 20 26000000 0 0 20 52000000 1 0.49711
0 20 26000000 0 0 20 53000000 1 1.75173
0 20 26000000 0 0 20 54000000 1 2.28299
0 20 26000000 0 0 20 55000000 1 0.86073
0 20 26000000 0 0 20 56000000 1 0.46268
0 20 26000000 0 0 20 57000000 1 0.52629
0 20 26000000 0 0 20 58000000 1 1.82142
0 20 26000000 0 0 20 59000000 1 3.51423
0 20 26000000 0 0 20 60000000 1 1.77030
0 20 26000000 0 0 20 61000000 1 0.26983
0 20 26000000 0 0 20 62000000 1 0.20642
0 20 29000000 0 0 20 29000000 1 1.42706
0 20 29000000 0 0 20 30000000 1 0.39002
0 20 29000000 0 0 20 31000000 1 0.24972
0 20 29000000 0 0 20 32000000 1 0.18621
0 20 29000000 0 0 20 33000000 1 0.18549
0 20 29000000 0 0 20 34000000 1 0.22062
0 20 29000000 0 0 20 35000000 1 0.21758
0 20 29000000 0 0 20 36000000 1 0.33264
0 20 29000000 0 0 20 37000000 1 0.67924
0 20 29000000 0 0 20 38000000 1 1.39570
0 20 29000000 0 0 20 39000000 1 0.98945
0 20 29000000 0 0 20 40000000 1 1.38262
0 20 29000000 0 0 20 41000000 1 2.05246
0 20 29000000 0 0 20 42000000 1 0.64151
0 20 29000000 0 0 20 43000000 1 0.47179
0 20 29000000 0 0 20 44000000 1 0.48829
0 20 29000000 0 0 20 45000000 1 0.62263
0 20 29000000 0 0 20 46000000 1 0.40575
0 20 29000000 0 0 20 47000000 1 0.25027
0 20 29000000 0 0 20 48000000 1 0.28522
0 20 29000000 0 0 20 49000000 1 0.78607
0 20 29000000 0 0 20 50000000 1 1.72866
0 20 29000000 0 0 20 51000000 1 2.29776
0 20 29000000 0 0 20 52000000 1 1.09370
0 20 29000000 0 0 20 53000000 1 3.40642
0 20 29000000 0 0 20 54000000 1 4.74512
0 20 29000000 0 0 20 55000000 1 2.52899
0 20 29000000 0 0 20 56000000 1 1.39021
0 20 29000000 0 0 20 57000000 1 1.60479
0 20 29000000 0 0 20 58000000 1 4.37821
0 20 29000000 0 0 20 59000000 1 7.22696
0 20 29000000 0 0 20 60000000 1 4.18343
0 20 29000000 0 0 20 61000000 1 0.58197
0 20 29000000 0 0 20 62000000 1 0.36051
0 20 30000000 0 0 20 30000000 1 1.05504
0 20 30000000 0 0 20 31000000 1 1.13086
0 20 30000000 0 0 20 32000000 1 0.81644
0 20 30000000 0 0 20 33000000 1 0.83422
0 20 30000000 0 0 20 34000000 1 0.90549
0 20 30000000 0 0 20 35000000 1 1.18301
0 20 30000000 0 0 20 36000000 1 1.33759
0 20 30000000 0 0 20 37000000 1 1.75765
0 20 30000000 0 0 20 38000000 1 0.97146
0 20 30000000 0 0 20 39000000 1 1.43729
0 20 30000000 0 0 20 40000000 1 1.32839
0 20 30000000 0 0 20 41000000 1 0.96840
0 20 30000000 0 0 20 42000000 1 1.76840
0 20 30000000 0 0 20 43000000 1 1.70444
0 20 30000000 0 0 20 44000000 1 1.38644
0 20 30000000 0 0 20 45000000 1 1.13458
0 20 30000000 0 0 20 46000000 1 1.05316
0 20 30000000 0 0 20 47000000 1 1.55628
0 20 30000000 0 0 20 48000000 1 1.96897
0 20 30000000 0 0 20 49000000 1 2.25277
0 20 30000000 0 0 20 50000000 1 1.85064
0 20 30000000 0 0 20 51000000 1 1.28709
0 20 30000000 0 0 20 52000000 1 2.07071
0 20 30000000 0 0 20 53000000 1 1.18053
0 20 30000000 0 0 20 54000000 1 1.37277
0 20 30000000 0 0 20 55000000 1 2.40739
0 20 30000000 0 0 20 56000000 1 2.64693
0 20 30000000 0 0 20 57000000 1 2.70262
0 20 30000000 0 0 20 58000000 1 2.16193
0 20 30000000 0 0 20 59000000 1 1.10394
0 20 30000000 0 0 20 60000000 1 3.08637
0 20 30000000 0 0 20 61000000 1 2.88041
0 20 30000000 0 0 20 62000000 1 1.84499
0 20 31000000 0 0 20 31000000 1 1.07771
0 20 31000000 0 0 20 32000000 1 0.85427
0 20 31000000 0 0 20 33000000 1 0.84526
0 20 31000000 0 0 20 34000000 1 0.97850
0 20 31000000 0 0 20 35000000 1 1.18653
0 20 31000000 0 0 20 36000000 1 1.61619
0 20 31000000 0 0 20 37000000 1 1.48807
0 20 31000000 0 0 20 38000000 1 0.97266
0 20 31000000 0 0 20 39000000 1 1.16631
0 20 31000000 0 0 20 40000000 1 1.13339
0 20 31000000 0 0 20 41000000 1 1.03816
0 20 31000000 0 0 20 42000000 1 1.41051
0 20 31000000 0 0 20 43000000 1 1.71987
0 20 31000000 0 0 20 44000000 1 1.60527
0 20 31000000 0 0 20 45000000 1 1.62339
0 20 31000000 0 0 20 46000000 1 1.43393
0 20 31000000 0 0 20 47000000 1 1.51581
0 20 31000000 0 0 20 48000000 1 2.01239
0 20 31000000 0 0 20 49000000 1 1.93642
0 20 31000000 0 0 20 50000000 1 1.34863
0 20 31000000 0 0 20 51000000 1 0.89564
0 20 31000000 0 0 20 52000000 1 0.92448
0 20 31000000 0 0 20 53000000 1 0.64872
0 20 31000000 0 0 20 54000000 1 0.67892
0 20 31000000 0 0 20 55000000 1 1.46442
0 20 31000000 0 0 20 56000000 1 1.86888
0 20 31000000 0 0 20 57000000 1 1.89268
0 20 31000000 0 0 20 58000000 1 1.33454
0 20 31000000 0 0 20 59000000 1 0.73715
0 20 31000000 0 0 20 60000000 1 1.76301
0 20 31000000 0 0 20 61000000 1 2.82868
0 20 31000000 0 0 20 62000000 1 1.90966
0 20 32000000 0 0 20 32000000 1 1.16334
0 20 32000000 0 0 20 33000000 1 1.33162
0 20 32000000 0 0 20 34000000 1 0.98997
0 20 32000000 0 0 20 35000000 1 1.21412
0 20 32000000 0 0 20 36000000 1 1.17895
0 20 32000000 0 0 20 37000000 1 0.99747
0 20 32000000 0 0 20 38000000 1 0.52331
0 20 32000000 0 0 20 39000000 1 0.72564
0 20 32000000 0 0 20 40000000 1 0.64957
0 20 32000000 0 0 20 41000000 1 0.47538
0 20 32000000 0 0 20 42000000 1 1.07345
0 20 32000000 0 0 20 43000000 1 1.33596
0 20 32000000 0 0 20 44000000 1 1.25318
0 20 32000000 0 0 20 45000000 1 1.08490
0 20 32000000 0 0 20 46000000 1 1.05509
0 20 32000000 0 0 20 47000000 1 1.44697
0 20 32000000 0 0 20 48000000 1 1.71744
0 20 32000000 0 0 20 49000000 1 1.27837
0 20 32000000 0 0 20 50000000 1 0.74815
0 20 32000000 0 0 20 51000000 1 0.47758
0 20 32000000 0 0 20 52000000 1 0.75050
0 20 32000000 0 0 20 53000000 1 0.36102
0 20 32000000 0 0 20 54000000 1 0.35912
0 20 32000000 0 0 20 55000000 1 0.70528
0 20 32000000 0 0 20 56000000 1 1.05747
0 20 32000000 0 0 20 57000000 1 1.09863
0 20 32000000 0 0 20 58000000 1 0.61632
0 20 32000000 0 0 20 59000000 1 0.29701
0 20 32000000 0 0 20 60000000 1 1.04910
0 20 32000000 0 0 20 61000000 1 2.00582
0 20 32000000 0 0 20 62000000 1 1.79180
0 20 33000000 0 0 20 33000000 1 1.18812
0 20 33000000 0 0 20 34000000 1 1.03157
0 20 33000000 0 0 20 35000000 1 1.09098
0 20 33000000 0 0 20 36000000 1 0.97402
0 20 33000000 0 0 20 37000000 1 0.73582
0 20 33000000 0 0 20 38000000 1 0.39299
0 20 33000000 0 0 20 39000000 1 0.55014
0 20 33000000 0 0 20 40000000 1 0.49892
0 20 33000000 0 0 20 41000000 1 0.38786
0 20 33000000 0 0 20 42000000 1 0.85433
0 20 33000000 0 0 20 43000000 1 1.11445
0 20 33000000 0 0 20 44000000 1 1.09930
0 20 33000000 0 0 20 45000000 1 0.95248
0 20 33000000 0 0 20 46000000 1 0.89836
0 20 33000000 0 0 20 47000000 1 1.31250
0 20 33000000 0 0 20 48000000 1 1.47775
0 20 33000000 0 0 20 49000000 1 0.99333
0 20 33000000 0 0 20 50000000 1 0.56782
0 20 33000000 0 0 20 51000000 1 0.34448
0 20 33000000 0 0 20 52000000 1 0.55561
0 20 33000000 0 0 20 53000000 1 0.29311
0 20 33000000 0 0 20 54000000 1 0.29109
0 20 33000000 0 0 20 55000000 1 0.52865
0 20 33000000 0 0 20 56000000 1 0.75125
0 20 33000000 0 0 20 57000000 1 0.80058
0 20 33000000 0 0 20 58000000 1 0.46932
0 20 33000000 0 0 20 59000000 1 0.25724
0 20 33000000 0 0 20 60000000 1 0.81726
0 20 33000000 0 0 20 61000000 1 1.71677
0 20 33000000 0 0 20 62000000 1 1.67398
0 20 34000000 0 0 20 34000000 1 1.20336
0 20 34000000 0 0 20 35000000 1 1.20528
0 20 34000000 0 0 20 36000000 1 0.93650
0 20 34000000 0 0 20 37000000 1 0.68006
0 20 34000000 0 0 20 38000000 1 0.37666
0 20 34000000 0 0 20 39000000 1 0.53557
0 20 34000000 0 0 20 40000000 1 0.48904
0 20 34000000 0 0 20 41000000 1 0.43029
0 20 34000000 0 0 20 42000000 1 0.86029
0 20 34000000 0 0 20 43000000 1 1.19119
0 20 34000000 0 0 20 44000000 1 1.19229
0 20 34000000 0 0 20 45000000 1 1.04583
0 20 34000000 0 0 20 46000000 1 0.99626
0 20 34000000 0 0 20 47000000 1 1.33392
0 20 34000000 0 0 20 48000000 1 1.46270
0 20 34000000 0 0 20 49000000 1 0.98385
0 20 34000000 0 0 20 50000000 1 0.56436
0 20 34000000 0 0 20 51000000 1 0.37938
0 20 34000000 0 0 20 52000000 1 0.49002
0 20 34000000 0 0 20 53000000 1 0.28643
0 20 34000000 0 0 20 54000000 1 0.31070
0 20 34000000 0 0 20 55000000 1 0.55363
0 20 34000000 0 0 20 56000000 1 0.77617
0 20 34000000 0 0 20 57000000 1 0.83992
0 20 34000000 0 0 20 58000000 1 0.49068
0 20 34000000 0 0 20 59000000 1 0.28501
0 20 34000000 0 0 20 60000000 1 0.83353
0 20 34000000 0 0 20 61000000 1 1.86344
0 20 34000000 0 0 20 62000000 1 1.81918
0 20 35000000 0 0 20 35000000 1 1.11503
0 20 35000000 0 0 20 36000000 1 1.25648
0 20 35000000 0 0 20 37000000 1 0.70450
0 20 35000000 0 0 20 38000000 1 0.33312
0 20 35000000 0 0 20 39000000 1 0.55315
0 20 35000000 0 0 20 40000000 1 0.49624
0 20 35000000 0 0 20 41000000 1 0.38840
0 20 35000000 0 0 20 42000000 1 0.96631
0 20 35000000 0 0 20 43000000 1 1.30293
0 20 35000000 0 0 20 44000000 1 1.21296
0 20 35000000 0 0 20 45000000 1 1.01269
0 20 35000000 0 0 20 46000000 1 1.02108
0 20 35000000 0 0 20 47000000 1 1.47688
0 20 35000000 0 0 20 48000000 1 1.59325
0 20 35000000 0 0 20 49000000 1 1.11804
0 20 35000000 0 0 20 50000000 1 0.63562
0 20 35000000 0 0 20 51000000 1 0.38772
0 20 35000000 0 0 20 52000000 1 0.63901
0 20 35000000 0 0 20 53000000 1 0.31871
0 20 35000000 0 0 20 54000000 1 0.31366
0 20 35000000 0 0 20 55000000 1 0.58948
0 20 35000000 0 0 20 56000000 1 0.86371
0 20 35000000 0 0 20 57000000 1 0.88195
0 20 35000000 0 0 20 58000000 1 0.48750
0 20 35000000 0 0 20 59000000 1 0.25824
0 20 35000000 0 0 20 60000000 1 0.89806
0 20 35000000 0 0 20 61000000 1 1.89550
0 20 35000000 0 0 20 62000000 1 1.77718
0 20 36000000 0 0 20 36000000 1 1.13492
0 20 36000000 0 0 20 37000000 1 0.69181
0 20 36000000 0 0 20 38000000 1 0.45700
0 20 36000000 0 0 20 39000000 1 0.75035
0 20 36000000 0 0 20 40000000 1 0.74137
0 20 36000000 0 0 20 41000000 1 0.71147
0 20 36000000 0 0 20 42000000 1 1.23725
0 20 36000000 0 0 20 43000000 1 1.49414
0 20 36000000 0 0 20 44000000 1 1.35399
0 20 36000000 0 0 20 45000000 1 1.28685
0 20 36000000 0 0 20 46000000 1 1.15614
0 20 36000000 0 0 20 47000000 1 1.27927
0 20 36000000 0 0 20 48000000 1 1.59015
0 20 36000000 0 0 20 49000000 1 1.40633
0 20 36000000 0 0 20 50000000 1 0.92165
0 20 36000000 0 0 20 51000000 1 0.60480
0 20 36000000 0 0 20 52000000 1 0.70738
0 20 36000000 0 0 20 53000000 1 0.45744
0 20 36000000 0 0 20 54000000 1 0.45030
0 20 36000000 0 0 20 55000000 1 0.91088
0 20 36000000 0 0 20 56000000 1 1.21378
0 20 36000000 0 0 20 57000000 1 1.26636
0 20 36000000 0 0 20 58000000 1 0.83198
0 20 36000000 0 0 20 59000000 1 0.44990
0 20 36000000 0 0 20 60000000 1 1.13868
0 20 36000000 0 0 20 61000000 1 1.97483
0 20 36000000 0 0 20 62000000 1 1.49144
0 20 37000000 0 0 20 37000000 1 0.95725
0 20 37000000 0 0 20 38000000 1 0.97094
0 20 37000000 0 0 20 39000000 1 1.71247
0 20 37000000 0 0 20 40000000 1 1.34968
0 20 37000000 0 0 20 41000000 1 1.40411
0 20 37000000 0 0 20 42000000 1 1.64661
0 20 37000000 0 0 20 43000000 1 1.59592
0 20 37000000 0 0 20 44000000 1 1.34329
0 20 37000000 0 0 20 45000000 1 1.26122
0 20 37000000 0 0 20 46000000 1 1.01444
0 20 37000000 0 0 20 47000000 1 1.07533
0 20 37000000 0 0 20 48000000 1 1.29352
0 20 37000000 0 0 20 49000000 1 1.73701
0 20 37000000 0 0 20 50000000 1 1.64699
0 20 37000000 0 0 20 51000000 1 1.14156
0 20 37000000 0 0 20 52000000 1 1.19985
0 20 37000000 0 0 20 53000000 1 0.96507
0 20 37000000 0 0 20 54000000 1 0.97886
0 20 37000000 0 0 20 55000000 1 1.79300
0 20 37000000 0 0 20 56000000 1 1.87137
0 20 37000000 0 0 20 57000000 1 2.00046
0 20 37000000 0 0 20 58000000 1 1.68371
0 20 37000000 0 0 20 59000000 1 0.90979
0 20 37000000 0 0 20 60000000 1 1.74560
0 20 37000000 0 0 20 61000000 1 1.71320
0 20 37000000 0 0 20 62000000 1 1.15332
0 20 38000000 0 0 20 38000000 1 0.97413
0 20 38000000 0 0 20 39000000 1 1.12656
0 20 38000000 0 0 20 40000000 1 1.22119
0 20 38000000 0 0 20 41000000 1 1.82803
0 20 38000000 0 0 20 42000000 1 1.00010
0 20 38000000 0 0 20 43000000 1 0.90281
0 20 38000000 0 0 20 44000000 1 0.90276
0 20 38000000 0 0 20 45000000 1 1.07465
0 20 38000000 0 0 20 46000000 1 0.78808
0 20 38000000 0 0 20 47000000 1 0.60915
0 20 38000000 0 0 20 48000000 1 0.66339
0 20 38000000 0 0 20 49000000 1 1.23622
0 20 38000000 0 0 20 50000000 1 1.82799
0 20 38000000 0 0 20 51000000 1 1.71490
0 20 38000000 0 0 20 52000000 1 1.05628
0 20 38000000 0 0 20 53000000 1 1.72018
0 20 38000000 0 0 20 54000000 1 1.73304
0 20 38000000 0 0 20 55000000 1 1.89308
0 20 38000000 0 0 20 56000000 1 1.49955
0 20 38000000 0 0 20 57000000 1 1.59959
0 20 38000000 0 0 20 58000000 1 2.26631
0 20 38000000 0 0 20 59000000 1 1.90980
0 20 38000000 0 0 20 60000000 1 1.66049
0 20 38000000 0 0 20 61000000 1 0.88772
0 20 38000000 0 0 20 62000000 1 0.58392
0 20 39000000 0 0 20 39000000 1 0.93367
0 20 39000000 0 0 20 40000000 1 0.87658
0 20 39000000 0 0 20 41000000 1 1.15279
0 20 39000000 0 0 20 42000000 1 1.18918
0 20 39000000 0 0 20 43000000 1 1.06964
0 20 39000000 0 0 20 44000000 1 0.96014
0 20 39000000 0 0 20 45000000 1 0.97638
0 20 39000000 0 0 20 46000000 1 0.80779
0 20 39000000 0 0 20 47000000 1 0.74708
0 20 39000000 0 0 20 48000000 1 0.88317
0 20 39000000 0 0 20 49000000 1 1.42987
0 20 39000000 0 0 20 50000000 1 1.64570
0 20 39000000 0 0 20 51000000 1 1.34467
0 20 39000000 0 0 20 52000000 1 1.22730
0 20 39000000 0 0 20 53000000 1 1.16837
0 20 39000000 0 0 20 54000000 1 1.19728
0 20 39000000 0 0 20 55000000 1 1.88931
0 20 39000000 0 0 20 56000000 1 1.68714
0 20 39000000 0 0 20 57000000 1 1.82347
0 20 39000000 0 0 20 58000000 1 1.93054
0 20 39000000 0 0 20 59000000 1 1.22496
0 20 39000000 0 0 20 60000000 1 1.73888
0 20 39000000 0 0 20 61000000 1 1.26224
0 20 39000000 0 0 20 62000000 1 0.86577
0 20 40000000 0 0 20 40000000 1 0.84821
0 20 40000000 0 0 20 41000000 1 1.36842
0 20 40000000 0 0 20 42000000 1 1.23242
0 20 40000000 0 0 20 43000000 1 0.96797
0 20 40000000 0 0 20 44000000 1 0.89699
0 20 40000000 0 0 20 45000000 1 1.03904
0 20 40000000 0 0 20 46000000 1 0.77522
0 20 40000000 0 0 20 47000000 1 0.65345
0 20 40000000 0 0 20 48000000 1 0.76960
0 20 40000000 0 0 20 49000000 1 1.42337
0 20 40000000 0 0 20 50000000 1 1.91254
0 20 40000000 0 0 20 51000000 1 1.65711
0 20 40000000 0 0 20 52000000 1 1.14279
0 20 40000000 0 0 20 53000000 1 1.54959
0 20 40000000 0 0 20 54000000 1 1.68122
0 20 40000000 0 0 20 55000000 1 2.21918
0 20 40000000 0 0 20 56000000 1 1.76976
0 20 40000000 0 0 20 57000000 1 1.89882
0 20 40000000 0 0 20 58000000 1 2.52009
0 20 40000000 0 0 20 59000000 1 1.92396
0 20 40000000 0 0 20 60000000 1 2.06916
0 20 40000000 0 0 20 61000000 1 1.14621
0 20 40000000 0 0 20 62000000 1 0.71054
0 20 41000000 0 0 20 41000000 1 0.90435
0 20 41000000 0 0 20 42000000 1 0.53535
0 20 41000000 0 0 20 43000000 1 0.65194
0 20 41000000 0 0 20 44000000 1 0.75217
0 20 41000000 0 0 20 45000000 1 1.00325
0 20 41000000 0 0 20 46000000 1 0.75042
0 20 41000000 0 0 20 47000000 1 0.50574
0 20 41000000 0 0 20 48000000 1 0.59285
0 20 41000000 0 0 20 49000000 1 1.34465
0 20 41000000 0 0 20 50000000 1 2.07574
0 20 41000000 0 0 20 51000000 1 2.01275
0 20 41000000 0 0 20 52000000 1 1.00625
0 20 41000000 0 0 20 53000000 1 1.93732
0 20 41000000 0 0 20 54000000 1 2.16751
0 20 41000000 0 0 20 55000000 1 2.51755
0 20 41000000 0 0 20 56000000 1 1.72321
0 20 41000000 0 0 20 57000000 1 1.96519
0 20 41000000 0 0 20 58000000 1 3.10297
0 20 41000000 0 0 20 59000000 1 2.86622
0 20 41000000 0 0 20 60000000 1 2.26039
0 20 41000000 0 0 20 61000000 1 0.96406
0 20 41000000 0 0 20 62000000 1 0.59302
0 20 42000000 0 0 20 42000000 1 1.11123
0 20 42000000 0 0 20 43000000 1 0.90727
0 20 42000000 0 0 20 44000000 1 0.77498
0 20 42000000 0 0 20 45000000 1 0.84123
0 20 42000000 0 0 20 46000000 1 0.77606
0 20 42000000 0 0 20 47000000 1 0.91284
0 20 42000000 0 0 20 48000000 1 1.17980
0 20 42000000 0 0 20 49000000 1 1.55583
0 20 42000000 0 0 20 50000000 1 1.35156
0 20 42000000 0 0 20 51000000 1 0.88989
0 20 42000000 0 0 20 52000000 1 1.06847
0 20 42000000 0 0 20 53000000 1 0.72627
0 20 42000000 0 0 20 54000000 1 0.72696
0 20 42000000 0 0 20 55000000 1 1.35073
0 20 42000000 0 0 20 56000000 1 1.53009
0 20 42000000 0 0 20 57000000 1 1.63983
0 20 42000000 0 0 20 58000000 1 1.29961
0 20 42000000 0 0 20 59000000 1 0.68441
0 20 42000000 0 0 20 60000000 1 1.62903
0 20 42000000 0 0 20 61000000 1 1.72841
0 20 42000000 0 0 20 62000000 1 1.19905
0 20 43000000 0 0 20 43000000 1 1.03882
0 20 43000000 0 0 20 44000000 1 1.01277
0 20 43000000 0 0 20 45000000 1 0.96123
0 20 43000000 0 0 20 46000000 1 0.92707
0 20 43000000 0 0 20 47000000 1 1.17308
0 20 43000000 0 0 20 48000000 1 1.39273
0 20 43000000 0 0 20 49000000 1 1.46601
0 20 43000000 0 0 20 50000000 1 1.11342
0 20 43000000 0 0 20 51000000 1 0.75462
0 20 43000000 0 0 20 52000000 1 0.89809
0 20 43000000 0 0 20 53000000 1 0.61076
0 20 43000000 0 0 20 54000000 1 0.58953
0 20 43000000 0 0 20 55000000 1 1.11829
0 20 43000000 0 0 20 56000000 1 1.34510
0 20 43000000 0 0 20 57000000 1 1.43418
0 20 43000000 0 0 20 58000000 1 1.00814
0 20 43000000 0 0 20 59000000 1 0.56073
0 20 43000000 0 0 20 60000000 1 1.28023
0 20 43000000 0 0 20 61000000 1 1.87169
0 20 43000000 0 0 20 62000000 1 1.42633
0 20 44000000 0 0 20 44000000 1 1.04305
0 20 44000000 0 0 20 45000000 1 1.07208
0 20 44000000 0 0 20 46000000 1 0.95494
0 20 44000000 0 0 20 47000000 1 1.22781
0 20 44000000 0 0 20 48000000 1 1.23909
0 20 44000000 0 0 20 49000000 1 1.19916
0 20 44000000 0 0 20 50000000 1 0.96048
0 20 44000000 0 0 20 51000000 1 0.68617
0 20 44000000 0 0 20 52000000 1 0.72553
0 20 44000000 0 0 20 53000000 1 0.57150
0 20 44000000 0 0 20 54000000 1 0.56285
0 20 44000000 0 0 20 55000000 1 0.99004
0 20 44000000 0 0 20 56000000 1 1.20338
0 20 44000000 0 0 20 57000000 1 1.31134
0 20 44000000 0 0 20 58000000 1 0.97617
0 20 44000000 0 0 20 59000000 1 0.60729
0 20 44000000 0 0 20 60000000 1 1.32030
0 20 44000000 0 0 20 61000000 1 2.05785
0 20 44000000 0 0 20 62000000 1 1.75592
0 20 45000000 0 0 20 45000000 1 0.96748
0 20 45000000 0 0 20 46000000 1 1.27909
0 20 45000000 0 0 20 47000000 1 1.40796
0 20 45000000 0 0 20 48000000 1 1.05342
0 20 45000000 0 0 20 49000000 1 1.05686
0 20 45000000 0 0 20 50000000 1 1.00754
0 20 45000000 0 0 20 51000000 1 0.77083
0 20 45000000 0 0 20 52000000 1 0.67509
0 20 45000000 0 0 20 53000000 1 0.64049
0 20 45000000 0 0 20 54000000 1 0.66179
0 20 45000000 0 0 20 55000000 1 1.06414
0 20 45000000 0 0 20 56000000 1 1.13263
0 20 45000000 0 0 20 57000000 1 1.23570
0 20 45000000 0 0 20 58000000 1 1.08777
0 20 45000000 0 0 20 59000000 1 0.78344
0 20 45000000 0 0 20 60000000 1 1.17058
0 20 45000000 0 0 20 61000000 1 1.55765
0 20 45000000 0 0 20 62000000 1 1.27119
0 20 46000000 0 0 20 46000000 1 1.04429
0 20 46000000 0 0 20 47000000 1 1.42336
0 20 46000000 0 0 20 48000000 1 0.83825
0 20 46000000 0 0 20 49000000 1 0.78233
0 20 46000000 0 0 20 50000000 1 0.67328
0 20 46000000 0 0 20 51000000 1 0.52418
0 20 46000000 0 0 20 52000000 1 0.56091
0 20 46000000 0 0 20 53000000 1 0.44205
0 20 46000000 0 0 20 54000000 1 0.44096
0 20 46000000 0 0 20 55000000 1 0.78100
0 20 46000000 0 0 20 56000000 1 0.90460
0 20 46000000 0 0 20 57000000 1 0.90254
0 20 46000000 0 0 20 58000000 1 0.77203
0 20 46000000 0 0 20 59000000 1 0.56395
0 20 46000000 0 0 20 60000000 1 0.85514
0 20 46000000 0 0 20 61000000 1 1.31995
0 20 46000000 0 0 20 62000000 1 1.14244
0 20 47000000 0 0 20 47000000 1 1.11050
0 20 47000000 0 0 20 48000000 1 0.90097
0 20 47000000 0 0 20 49000000 1 0.62985
0 20 47000000 0 0 20 50000000 1 0.47329
0 20 47000000 0 0 20 51000000 1 0.33096
0 20 47000000 0 0 20 52000000 1 0.53227
0 20 47000000 0 0 20 53000000 1 0.30157
0 20 47000000 0 0 20 54000000 1 0.30774
0 20 47000000 0 0 20 55000000 1 0.59382
0 20 47000000 0 0 20 56000000 1 0.84541
0 20 47000000 0 0 20 57000000 1 0.84790
0 20 47000000 0 0 20 58000000 1 0.49759
0 20 47000000 0 0 20 59000000 1 0.31172
0 20 47000000 0 0 20 60000000 1 0.75821
0 20 47000000 0 0 20 61000000 1 1.43281
0 20 47000000 0 0 20 62000000 1 1.29471
0 20 48000000 0 0 20 48000000 1 1.13167
0 20 48000000 0 0 20 49000000 1 1.13935
0 20 48000000 0 0 20 50000000 1 0.53123
0 20 48000000 0 0 20 51000000 1 0.36188
0 20 48000000 0 0 20 52000000 1 0.63709
0 20 48000000 0 0 20 53000000 1 0.34312
0 20 48000000 0 0 20 54000000 1 0.33401
0 20 48000000 0 0 20 55000000 1 0.79993
0 20 48000000 0 0 20 56000000 1 1.15829
0 20 48000000 0 0 20 57000000 1 1.12287
0 20 48000000 0 0 20 58000000 1 0.62244
0 20 48000000 0 0 20 59000000 1 0.32210
0 20 48000000 0 0 20 60000000 1 0.95239
0 20 48000000 0 0 20 61000000 1 1.78966
0 20 48000000 0 0 20 62000000 1 1.44068
0 20 49000000 0 0 20 49000000 1 0.93106
0 20 49000000 0 0 20 50000000 1 1.04169
0 20 49000000 0 0 20 51000000 1 0.71849
0 20 49000000 0 0 20 52000000 1 1.01823
0 20 49000000 0 0 20 53000000 1 0.74758
0 20 49000000 0 0 20 54000000 1 0.82124
0 20 49000000 0 0 20 55000000 1 1.75821
0 20 49000000 0 0 20 56000000 1 1.84040
0 20 49000000 0 0 20 57000000 1 1.79507
0 20 49000000 0 0 20 58000000 1 1.39040
0 20 49000000 0 0 20 59000000 1 0.73500
0 20 49000000 0 0 20 60000000 1 1.50171
0 20 49000000 0 0 20 61000000 1 1.60765
0 20 49000000 0 0 20 62000000 1 1.07401
0 20 50000000 0 0 20 50000000 1 0.86211
0 20 50000000 0 0 20 51000000 1 0.94196
0 20 50000000 0 0 20 52000000 1 1.61542
0 20 50000000 0 0 20 53000000 1 1.56926
0 20 50000000 0 0 20 54000000 1 1.53037
0 20 50000000 0 0 20 55000000 1 2.19325
0 20 50000000 0 0 20 56000000 1 1.68448
0 20 50000000 0 0 20 57000000 1 1.71577
0 20 50000000 0 0 20 58000000 1 2.00133
0 20 50000000 0 0 20 59000000 1 1.41210
0 20 50000000 0 0 20 60000000 1 1.63571
0 20 50000000 0 0 20 61000000 1 0.98694
0 20 50000000 0 0 20 62000000 1 0.65365
0 20 51000000 0 0 20 51000000 1 0.94540
0 20 51000000 0 0 20 52000000 1 1.15195
0 20 51000000 0 0 20 53000000 1 1.75066
0 20 51000000 0 0 20 54000000 1 1.78322
0 20 51000000 0 0 20 55000000 1 1.76136
0 20 51000000 0 0 20 56000000 1 1.12053
0 20 51000000 0 0 20 57000000 1 1.21158
0 20 51000000 0 0 20 58000000 1 1.83406
0 20 51000000 0 0 20 59000000 1 1.66516
0 20 51000000 0 0 20 60000000 1 1.38510
0 20 51000000 0 0 20 61000000 1 0.63538
0 20 51000000 0 0 20 62000000 1 0.45257
0 20 52000000 0 0 20 52000000 1 1.05980
0 20 52000000 0 0 20 53000000 1 0.81815
0 20 52000000 0 0 20 54000000 1 0.96809
0 20 52000000 0 0 20 55000000 1 1.26412
0 20 52000000 0 0 20 56000000 1 1.00140
0 20 52000000 0 0 20 57000000 1 1.03679
0 20 52000000 0 0 20 58000000 1 1.06470
0 20 52000000 0 0 20 59000000 1 0.70704
0 20 52000000 0 0 20 60000000 1 1.06556
0 20 52000000 0 0 20 61000000 1 0.77773
0 20 52000000 0 0 20 62000000 1 0.61206
0 20 53000000 0 0 20 53000000 1 0.92997
0 20 53000000 0 0 20 54000000 1 1.43439
0 20 53000000 0 0 20 55000000 1 1.10130
0 20 53000000 0 0 20 56000000 1 0.66552
0 20 53000000 0 0 20 57000000 1 0.79385
0 20 53000000 0 0 20 58000000 1 1.63730
0 20 53000000 0 0 20 59000000 1 2.17916
0 20 53000000 0 0 20 60000000 1 1.40250
0 20 53000000 0 0 20 61000000 1 0.45356
0 20 53000000 0 0 20 62000000 1 0.36386
0 20 54000000 0 0 20 54000000 1 0.94461
0 20 54000000 0 0 20 55000000 1 0.72927
0 20 54000000 0 0 20 56000000 1 0.54785
0 20 54000000 0 0 20 57000000 1 0.77040
0 20 54000000 0 0 20 58000000 1 1.79448
0 20 54000000 0 0 20 59000000 1 2.90210
0 20 54000000 0 0 20 60000000 1 1.82949
0 20 54000000 0 0 20 61000000 1 0.48137
0 20 54000000 0 0 20 62000000 1 0.38859
0 20 55000000 0 0 20 55000000 1 0.83526
0 20 55000000 0 0 20 56000000 1 1.15092
0 20 55000000 0 0 20 57000000 1 1.51012
0 20 55000000 0 0 20 58000000 1 1.95821
0 20 55000000 0 0 20 59000000 1 1.32285
0 20 55000000 0 0 20 60000000 1 1.85815
0 20 55000000 0 0 20 61000000 1 1.00211
0 20 55000000 0 0 20 62000000 1 0.61964
0 20 56000000 0 0 20 56000000 1 0.93494
0 20 56000000 0 0 20 57000000 1 1.26778
0 20 56000000 0 0 20 58000000 1 1.12479
0 20 56000000 0 0 20 59000000 1 0.63709
0 20 56000000 0 0 20 60000000 1 1.37997
0 20 56000000 0 0 20 61000000 1 1.20060
0 20 56000000 0 0 20 62000000 1 0.79017
0 20 57000000 0 0 20 57000000 1 0.97385
0 20 57000000 0 0 20 58000000 1 0.76103
0 20 57000000 0 0 20 59000000 1 0.51992
0 20 57000000 0 0 20 60000000 1 1.32159
0 20 57000000 0 0 20 61000000 1 1.14738
0 20 57000000 0 0 20 62000000 1 0.77108
0 20 58000000 0 0 20 58000000 1 0.83951
0 20 58000000 0 0 20 59000000 1 1.09779
0 20 58000000 0 0 20 60000000 1 2.25585
0 20 58000000 0 0 20 61000000 1 0.78774
0 20 58000000 0 0 20 62000000 1 0.47740
0 20 59000000 0 0 20 59000000 1 1.07053
0 20 59000000 0 0 20 60000000 1 1.14397
0 20 59000000 0 0 20 61000000 1 0.31173
0 20 59000000 0 0 20 62000000 1 0.28499
0 20 60000000 0 0 20 60000000 1 0.92118
0 20 60000000 0 0 20 61000000 1 0.79286
0 20 60000000 0 0 20 62000000 1 0.59563
0 20 61000000 0 0 20 61000000 1 1.21569
0 20 61000000 0 0 20 62000000 1 1.14191
0 20 62000000 0 0 20 62000000 1 1.51440
