0 21 9000000 0 0 21 9000000 1 2.32332
0 21 9000000 0 0 21 10000000 1 0.18762
0 21 9000000 0 0 21 11000000 1 1.22461
0 21 9000000 0 0 21 14000000 1 0.52974
0 21 9000000 0 0 21 15000000 1 0.16343
0 21 9000000 0 0 21 16000000 1 0.16367
0 21 9000000 0 0 21 17000000 1 0.30682
0 21 9000000 0 0 21 18000000 1 0.48727
0 21 9000000 0 0 21 19000000 1 0.36130
0 21 9000000 0 0 21 20000000 1 0.57517
0 21 9000000 0 0 21 21000000 1 0.62365
0 21 9000000 0 0 21 22000000 1 0.58578
0 21 9000000 0 0 21 23000000 1 0.65581
0 21 9000000 0 0 21 24000000 1 0.41413
0 21 9000000 0 0 21 25000000 1 0.30863
0 21 9000000 0 0 21 26000000 1 0.22173
0 21 9000000 0 0 21 27000000 1 0.38848
0 21 9000000 0 0 21 28000000 1 0.75821
0 21 9000000 0 0 21 29000000 1 0.68548
0 21 9000000 0 0 21 30000000 1 0.25754
0 21 9000000 0 0 21 31000000 1 0.59389
0 21 9000000 0 0 21 32000000 1 0.48066
0 21 9000000 0 0 21 33000000 1 0.27459
0 21 9000000 0 0 21 34000000 1 0.17541
0 21 9000000 0 0 21 35000000 1 0.13926
0 21 9000000 0 0 21 36000000 1 0.21835
0 21 9000000 0 0 21 37000000 1 0.16372
0 21 9000000 0 0 21 38000000 1 0.16612
0 21 9000000 0 0 21 39000000 1 0.48166
0 21 9000000 0 0 21 40000000 1 0.45351
0 21 9000000 0 0 21 41000000 1 1.51793
0 21 9000000 0 0 21 42000000 1 0.83680
0 21 9000000 0 0 21 43000000 1 0.12017
0 21 9000000 0 0 21 44000000 1 0.13374
0 21 9000000 0 0 21 45000000 1 0.13680
0 21 9000000 0 0 21 46000000 1 0.21815
0 21 9000000 0 0 21 47000000 1 0.31578
0 21 9000000 0 0 21 48000000 1 0.17479
0 21 10000000 0 0 21 10000000 1 1.87919
0 21 10000000 0 0 21 11000000 1 1.32697
0 21 10000000 0 0 21 14000000 1 1.92793
0 21 10000000 0 0 21 15000000 1 0.58008
0 21 10000000 0 0 21 16000000 1 0.47994
0 21 10000000 0 0 21 17000000 1 0.99878
0 21 10000000 0 0 21 18000000 1 1.57398
0 21 10000000 0 0 21 19000000 1 1.09453
0 21 10000000 0 0 21 20000000 1 1.98563
0 21 10000000 0 0 21 21000000 1 1.94695
0 21 10000000 0 0 21 22000000 1 1.85006
0 21 10000000 0 0 21 23000000 1 1.90133
0 21 10000000 0 0 21 24000000 1 1.27131
0 21 10000000 0 0 21 25000000 1 0.85319
0 21 10000000 0 0 21 26000000 1 0.36376
0 21 10000000 0 0 21 27000000 1 0.74969
0 21 10000000 0 0 21 28000000 1 2.02333
0 21 10000000 0 0 21 29000000 1 2.00798
0 21 10000000 0 0 21 30000000 1 0.41659
0 21 10000000 0 0 21 31000000 1 1.39351
0 21 10000000 0 0 21 32000000 1 1.06933
0 21 10000000 0 0 21 33000000 1 0.64240
0 21 10000000 0 0 21 34000000 1 0.23096
0 21 10000000 0 0 21 35000000 1 0.27140
0 21 10000000 0 0 21 36000000 1 0.36265
0 21 10000000 0 0 21 37000000 1 0.27282
0 21 10000000 0 0 21 38000000 1 0.29597
0 21 10000000 0 0 21 39000000 1 0.74760
0 21 10000000 0 0 21 40000000 1 0.70209
0 21 10000000 0 0 21 41000000 1 3.59199
0 21 10000000 0 0 21 42000000 1 1.77608
0 21 10000000 0 0 21 43000000 1 0.24534
0 21 10000000 0 0 21 44000000 1 0.18960
0 21 10000000 0 0 21 45000000 1 0.22689
0 21 10000000 0 0 21 46000000 1 0.33494
0 21 10000000 0 0 21 47000000 1 0.46358
0 21 10000000 0 0 21 48000000 1 0.23297
0 21 11000000 0 0 21 11000000 1 1.88253
0 21 11000000 0 0 21 14000000 1 1.08548
0 21 11000000 0 0 21 15000000 1 0.36908
0 21 11000000 0 0 21 16000000 1 0.32484
0 21 11000000 0 0 21 17000000 1 0.71683
0 21 11000000 0 0 21 18000000 1 1.28595
0 21 11000000 0 0 21 19000000 1 0.83243
0 21 11000000 0 0 21 20000000 1 1.64255
0 21 11000000 0 0 21 21000000 1 1.75300
0 21 11000000 0 0 21 22000000 1 1.66660
0 21 11000000 0 0 21 23000000 1 1.59943
0 21 11000000 0 0 21 24000000 1 1.12288
0 21 11000000 0 0 21 25000000 1 0.67766
0 21 11000000 0 0 21 26000000 1 0.34534
0 21 11000000 0 0 21 27000000 1 0.62593
0 21 11000000 0 0 21 28000000 1 1.86373
0 21 11000000 0 0 21 29000000 1 1.73946
0 21 11000000 0 0 21 30000000 1 0.45897
0 21 11000000 0 0 21 31000000 1 1.37336
0 21 11000000 0 0 21 32000000 1 0.90911
0 21 11000000 0 0 21 33000000 1 0.52757
0 21 11000000 0 0 21 34000000 1 0.22635
0 21 11000000 0 0 21 35000000 1 0.25832
0 21 11000000 0 0 21 36000000 1 0.37574
0 21 11000000 0 0 21 37000000 1 0.23506
0 21 11000000 0 0 21 38000000 1 0.27534
0 21 11000000 0 0 21 39000000 1 0.59480
0 21 11000000 0 0 21 40000000 1 0.66789
0 21 11000000 0 0 21 41000000 1 2.96601
0 21 11000000 0 0 21 42000000 1 1.51812
0 21 11000000 0 0 21 43000000 1 0.21091
0 21 11000000 0 0 21 44000000 1 0.20447
0 21 11000000 0 0 21 45000000 1 0.19660
0 21 11000000 0 0 21 46000000 1 0.30253
0 21 11000000 0 0 21 47000000 1 0.42262
0 21 11000000 0 0 21 48000000 1 0.26282
0 21 14000000 0 0 21 14000000 1 1.63679
0 21 14000000 0 0 21 15000000 1 0.66337
0 21 14000000 0 0 21 16000000 1 0.81909
0 21 14000000 0 0 21 17000000 1 1.98756
0 21 14000000 0 0 21 18000000 1 2.68350
0 21 14000000 0 0 21 19000000 1 1.72998
0 21 14000000 0 0 21 20000000 1 2.34770
0 21 14000000 0 0 21 21000000 1 2.38685
0 21 14000000 0 0 21 22000000 1 2.35142
0 21 14000000 0 0 21 23000000 1 2.40716
0 21 14000000 0 0 21 24000000 1 1.97697
0 21 14000000 0 0 21 25000000 1 1.51844
0 21 14000000 0 0 21 26000000 1 0.87411
0 21 14000000 0 0 21 27000000 1 1.70234
0 21 14000000 0 0 21 28000000 1 3.28367
0 21 14000000 0 0 21 29000000 1 3.34029
0 21 14000000 0 0 21 30000000 1 1.08976
0 21 14000000 0 0 21 31000000 1 2.96350
0 21 14000000 0 0 21 32000000 1 2.13563
0 21 14000000 0 0 21 33000000 1 1.26733
0 21 14000000 0 0 21 34000000 1 0.41484
0 21 14000000 0 0 21 35000000 1 0.52180
0 21 14000000 0 0 21 36000000 1 0.65328
0 21 14000000 0 0 21 37000000 1 0.53089
0 21 14000000 0 0 21 38000000 1 0.65824
0 21 14000000 0 0 21 39000000 1 1.73381
0 21 14000000 0 0 21 40000000 1 1.51542
0 21 14000000 0 0 21 41000000 1 5.64192
0 21 14000000 0 0 21 42000000 1 3.05758
0 21 14000000 0 0 21 43000000 1 0.45073
0 21 14000000 0 0 21 44000000 1 0.27911
0 21 14000000 0 0 21 45000000 1 0.28226
0 21 14000000 0 0 21 46000000 1 0.41166
0 21 14000000 0 0 21 47000000 1 0.81938
0 21 14000000 0 0 21 48000000 1 0.33541
0 21 15000000 0 0 21 15000000 1 1.15280
0 21 15000000 0 0 21 16000000 1 2.31045
0 21 15000000 0 0 21 17000000 1 2.43286
0 21 15000000 0 0 21 18000000 1 1.69317
0 21 15000000 0 0 21 19000000 1 1.86243
0 21 15000000 0 0 21 20000000 1 1.04561
0 21 15000000 0 0 21 21000000 1 1.02569
0 21 15000000 0 0 21 22000000 1 1.09337
0 21 15000000 0 0 21 23000000 1 1.10182
0 21 15000000 0 0 21 24000000 1 1.41629
0 21 15000000 0 0 21 25000000 1 1.66985
0 21 15000000 0 0 21 26000000 1 2.66240
0 21 15000000 0 0 21 27000000 1 2.44712
0 21 15000000 0 0 21 28000000 1 1.60154
0 21 15000000 0 0 21 29000000 1 1.69539
0 21 15000000 0 0 21 30000000 1 3.28210
0 21 15000000 0 0 21 31000000 1 2.41360
0 21 15000000 0 0 21 32000000 1 2.60871
0 21 15000000 0 0 21 33000000 1 2.38892
0 21 15000000 0 0 21 34000000 1 1.57033
0 21 15000000 0 0 21 35000000 1 1.55278
0 21 15000000 0 0 21 36000000 1 1.45712
0 21 15000000 0 0 21 37000000 1 1.50961
0 21 15000000 0 0 21 38000000 1 2.01228
0 21 15000000 0 0 21 39000000 1 2.45185
0 21 15000000 0 0 21 40000000 1 3.24089
0 21 15000000 0 0 21 41000000 1 2.40997
0 21 15000000 0 0 21 42000000 1 2.67012
0 21 15000000 0 0 21 43000000 1 1.66201
0 21 15000000 0 0 21 44000000 1 0.89048
0 21 15000000 0 0 21 45000000 1 0.88503
0 21 15000000 0 0 21 46000000 1 1.08561
0 21 15000000 0 0 21 47000000 1 1.43900
0 21 15000000 0 0 21 48000000 1 0.94233
0 21 16000000 0 0 21 16000000 1 1.16496
0 21 16000000 0 0 21 17000000 1 1.17661
0 21 16000000 0 0 21 18000000 1 1.11578
0 21 16000000 0 0 21 19000000 1 1.31597
0 21 16000000 0 0 21 20000000 1 0.78982
0 21 16000000 0 0 21 21000000 1 0.84876
0 21 16000000 0 0 21 22000000 1 0.92538
0 21 16000000 0 0 21 23000000 1 0.99984
0 21 16000000 0 0 21 24000000 1 1.33606
0 21 16000000 0 0 21 25000000 1 1.71744
0 21 16000000 0 0 21 26000000 1 2.38477
0 21 16000000 0 0 21 27000000 1 2.23890
0 21 16000000 0 0 21 28000000 1 1.44603
0 21 16000000 0 0 21 29000000 1 1.61303
0 21 16000000 0 0 21 30000000 1 2.82528
0 21 16000000 0 0 21 31000000 1 2.28822
0 21 16000000 0 0 21 32000000 1 2.31800
0 21 16000000 0 0 21 33000000 1 2.16548
0 21 16000000 0 0 21 34000000 1 1.43867
0 21 16000000 0 0 21 35000000 1 1.46597
0 21 16000000 0 0 21 36000000 1 1.45969
0 21 16000000 0 0 21 37000000 1 1.47131
0 21 16000000 0 0 21 38000000 1 1.86217
0 21 16000000 0 0 21 39000000 1 2.27137
0 21 16000000 0 0 21 40000000 1 2.74222
0 21 16000000 0 0 21 41000000 1 1.91667
0 21 16000000 0 0 21 42000000 1 2.32264
0 21 16000000 0 0 21 43000000 1 1.51928
0 21 16000000 0 0 21 44000000 1 0.88248
0 21 16000000 0 0 21 45000000 1 0.74733
0 21 16000000 0 0 21 46000000 1 0.94540
0 21 16000000 0 0 21 47000000 1 1.25135
0 21 16000000 0 0 21 48000000 1 0.82753
0 21 17000000 0 0 21 17000000 1 1.10832
0 21 17000000 0 0 21 18000000 1 1.19434
0 21 17000000 0 0 21 19000000 1 1.28283
0 21 17000000 0 0 21 20000000 1 1.30387
0 21 17000000 0 0 21 21000000 1 1.49730
0 21 17000000 0 0 21 22000000 1 1.66721
0 21 17000000 0 0 21 23000000 1 1.85081
0 21 17000000 0 0 21 24000000 1 2.12419
0 21 17000000 0 0 21 25000000 1 2.25339
0 21 17000000 0 0 21 26000000 1 2.01780
0 21 17000000 0 0 21 27000000 1 2.58210
0 21 17000000 0 0 21 28000000 1 2.79295
0 21 17000000 0 0 21 29000000 1 2.92935
0 21 17000000 0 0 21 30000000 1 2.59075
0 21 17000000 0 0 21 31000000 1 3.23320
0 21 17000000 0 0 21 32000000 1 2.56646
0 21 17000000 0 0 21 33000000 1 2.00907
0 21 17000000 0 0 21 34000000 1 1.01773
0 21 17000000 0 0 21 35000000 1 1.07830
0 21 17000000 0 0 21 36000000 1 1.22361
0 21 17000000 0 0 21 37000000 1 1.10497
0 21 17000000 0 0 21 38000000 1 1.38787
0 21 17000000 0 0 21 39000000 1 2.24062
0 21 17000000 0 0 21 40000000 1 2.59315
0 21 17000000 0 0 21 41000000 1 3.50630
0 21 17000000 0 0 21 42000000 1 2.81274
0 21 17000000 0 0 21 43000000 1 0.99964
0 21 17000000 0 0 21 44000000 1 0.63167
0 21 17000000 0 0 21 45000000 1 0.56952
0 21 17000000 0 0 21 46000000 1 0.81638
0 21 17000000 0 0 21 47000000 1 1.14423
0 21 17000000 0 0 21 48000000 1 0.75077
0 21 18000000 0 0 21 18000000 1 1.04183
0 21 18000000 0 0 21 19000000 1 1.10021
0 21 18000000 0 0 21 20000000 1 1.43882
0 21 18000000 0 0 21 21000000 1 1.89629
0 21 18000000 0 0 21 22000000 1 2.12964
0 21 18000000 0 0 21 23000000 1 2.38691
0 21 18000000 0 0 21 24000000 1 2.49616
0 21 18000000 0 0 21 25000000 1 2.41095
0 21 18000000 0 0 21 26000000 1 1.93467
0 21 18000000 0 0 21 27000000 1 2.87672
0 21 18000000 0 0 21 28000000 1 3.65974
0 21 18000000 0 0 21 29000000 1 3.74444
0 21 18000000 0 0 21 30000000 1 2.31705
0 21 18000000 0 0 21 31000000 1 3.56732
0 21 18000000 0 0 21 32000000 1 2.82078
0 21 18000000 0 0 21 33000000 1 1.91432
0 21 18000000 0 0 21 34000000 1 0.81405
0 21 18000000 0 0 21 35000000 1 0.89910
0 21 18000000 0 0 21 36000000 1 1.09956
0 21 18000000 0 0 21 37000000 1 0.97332
0 21 18000000 0 0 21 38000000 1 1.09409
0 21 18000000 0 0 21 39000000 1 2.35257
0 21 18000000 0 0 21 40000000 1 2.54773
0 21 18000000 0 0 21 41000000 1 4.97420
0 21 18000000 0 0 21 42000000 1 3.35997
0 21 18000000 0 0 21 43000000 1 0.78366
0 21 18000000 0 0 21 44000000 1 0.49933
0 21 18000000 0 0 21 45000000 1 0.47381
0 21 18000000 0 0 21 46000000 1 0.74155
0 21 18000000 0 0 21 47000000 1 1.07873
0 21 18000000 0 0 21 48000000 1 0.69457
0 21 19000000 0 0 21 19000000 1 1.01543
0 21 19000000 0 0 21 20000000 1 0.95974
0 21 19000000 0 0 21 21000000 1 1.89976
0 21 19000000 0 0 21 22000000 1 2.50729
0 21 19000000 0 0 21 23000000 1 2.58070
0 21 19000000 0 0 21 24000000 1 3.20681
0 21 19000000 0 0 21 25000000 1 3.23459
0 21 19000000 0 0 21 26000000 1 3.48441
0 21 19000000 0 0 21 27000000 1 3.14489
0 21 19000000 0 0 21 28000000 1 2.98293
0 21 19000000 0 0 21 29000000 1 2.94211
0 21 19000000 0 0 21 30000000 1 2.77966
0 21 19000000 0 0 21 31000000 1 3.00706
0 21 19000000 0 0 21 32000000 1 2.67932
0 21 19000000 0 0 21 33000000 1 2.02062
0 21 19000000 0 0 21 34000000 1 1.05552
0 21 19000000 0 0 21 35000000 1 1.10056
0 21 19000000 0 0 21 36000000 1 1.19455
0 21 19000000 0 0 21 37000000 1 1.11760
0 21 19000000 0 0 21 38000000 1 1.38471
0 21 19000000 0 0 21 39000000 1 2.22673
0 21 19000000 0 0 21 40000000 1 2.73964
0 21 19000000 0 0 21 41000000 1 3.36563
0 21 19000000 0 0 21 42000000 1 2.74594
0 21 19000000 0 0 21 43000000 1 1.07483
0 21 19000000 0 0 21 44000000 1 0.60166
0 21 19000000 0 0 21 45000000 1 0.58214
0 21 19000000 0 0 21 46000000 1 0.84576
0 21 19000000 0 0 21 47000000 1 1.14282
0 21 19000000 0 0 21 48000000 1 0.70575
0 21 20000000 0 0 21 20000000 1 1.04665
0 21 20000000 0 0 21 21000000 1 1.54366
0 21 20000000 0 0 21 22000000 1 2.35334
0 21 20000000 0 0 21 23000000 1 2.52740
0 21 20000000 0 0 21 24000000 1 2.71901
0 21 20000000 0 0 21 25000000 1 2.24378
0 21 20000000 0 0 21 26000000 1 1.60541
0 21 20000000 0 0 21 27000000 1 1.96076
0 21 20000000 0 0 21 28000000 1 3.18258
0 21 20000000 0 0 21 29000000 1 3.06663
0 21 20000000 0 0 21 30000000 1 1.30379
0 21 20000000 0 0 21 31000000 1 2.54550
0 21 20000000 0 0 21 32000000 1 1.86388
0 21 20000000 0 0 21 33000000 1 1.13472
0 21 20000000 0 0 21 34000000 1 0.49520
0 21 20000000 0 0 21 35000000 1 0.58957
0 21 20000000 0 0 21 36000000 1 0.67829
0 21 20000000 0 0 21 37000000 1 0.57406
0 21 20000000 0 0 21 38000000 1 0.65318
0 21 20000000 0 0 21 39000000 1 1.42718
0 21 20000000 0 0 21 40000000 1 1.40944
0 21 20000000 0 0 21 41000000 1 3.97452
0 21 20000000 0 0 21 42000000 1 2.19741
0 21 20000000 0 0 21 43000000 1 0.46769
0 21 20000000 0 0 21 44000000 1 0.32860
0 21 20000000 0 0 21 45000000 1 0.30478
0 21 20000000 0 0 21 46000000 1 0.44703
0 21 20000000 0 0 21 47000000 1 0.68440
0 21 20000000 0 0 21 48000000 1 0.39980
0 21 21000000 0 0 21 21000000 1 1.03292
0 21 21000000 0 0 21 22000000 1 1.18191
0 21 21000000 0 0 21 23000000 1 1.88079
0 21 21000000 0 0 21 24000000 1 2.25057
0 21 21000000 0 0 21 25000000 1 1.93661
0 21 21000000 0 0 21 26000000 1 1.32524
0 21 21000000 0 0 21 27000000 1 1.70990
0 21 21000000 0 0 21 28000000 1 3.01771
0 21 21000000 0 0 21 29000000 1 2.91997
0 21 21000000 0 0 21 30000000 1 1.11999
0 21 21000000 0 0 21 31000000 1 2.38080
0 21 21000000 0 0 21 32000000 1 1.69930
0 21 21000000 0 0 21 33000000 1 1.03881
0 21 21000000 0 0 21 34000000 1 0.44551
0 21 21000000 0 0 21 35000000 1 0.52077
0 21 21000000 0 0 21 36000000 1 0.63936
0 21 21000000 0 0 21 37000000 1 0.55435
0 21 21000000 0 0 21 38000000 1 0.58552
0 21 21000000 0 0 21 39000000 1 1.27147
0 21 21000000 0 0 21 40000000 1 1.30064
0 21 21000000 0 0 21 41000000 1 3.74246
0 21 21000000 0 0 21 42000000 1 2.03623
0 21 21000000 0 0 21 43000000 1 0.40175
0 21 21000000 0 0 21 44000000 1 0.29650
0 21 21000000 0 0 21 45000000 1 0.27489
0 21 21000000 0 0 21 46000000 1 0.42838
0 21 21000000 0 0 21 47000000 1 0.61290
0 21 21000000 0 0 21 48000000 1 0.40285
0 21 22000000 0 0 21 22000000 1 0.93521
0 21 22000000 0 0 21 23000000 1 1.35614
0 21 22000000 0 0 21 24000000 1 2.58367
0 21 22000000 0 0 21 25000000 1 2.46166
0 21 22000000 0 0 21 26000000 1 1.69111
0 21 22000000 0 0 21 27000000 1 1.94559
0 21 22000000 0 0 21 28000000 1 3.06579
0 21 22000000 0 0 21 29000000 1 2.96283
0 21 22000000 0 0 21 30000000 1 1.16828
0 21 22000000 0 0 21 31000000 1 2.36049
0 21 22000000 0 0 21 32000000 1 1.62976
0 21 22000000 0 0 21 33000000 1 1.01063
0 21 22000000 0 0 21 34000000 1 0.45436
0 21 22000000 0 0 21 35000000 1 0.53503
0 21 22000000 0 0 21 36000000 1 0.65012
0 21 22000000 0 0 21 37000000 1 0.56865
0 21 22000000 0 0 21 38000000 1 0.61334
0 21 22000000 0 0 21 39000000 1 1.26448
0 21 22000000 0 0 21 40000000 1 1.21740
0 21 22000000 0 0 21 41000000 1 3.43716
0 21 22000000 0 0 21 42000000 1 1.93531
0 21 22000000 0 0 21 43000000 1 0.40069
0 21 22000000 0 0 21 44000000 1 0.31705
0 21 22000000 0 0 21 45000000 1 0.27789
0 21 22000000 0 0 21 46000000 1 0.43059
0 21 22000000 0 0 21 47000000 1 0.62189
0 21 22000000 0 0 21 48000000 1 0.38060
0 21 23000000 0 0 21 23000000 1 1.03620
0 21 23000000 0 0 21 24000000 1 1.18325
0 21 23000000 0 0 21 25000000 1 1.72909
0 21 23000000 0 0 21 26000000 1 1.35063
0 21 23000000 0 0 21 27000000 1 1.71252
0 21 23000000 0 0 21 28000000 1 2.78680
0 21 23000000 0 0 21 29000000 1 2.73868
0 21 23000000 0 0 21 30000000 1 1.08447
0 21 23000000 0 0 21 31000000 1 2.16034
0 21 23000000 0 0 21 32000000 1 1.55077
0 21 23000000 0 0 21 33000000 1 0.96330
0 21 23000000 0 0 21 34000000 1 0.45129
0 21 23000000 0 0 21 35000000 1 0.53971
0 21 23000000 0 0 21 36000000 1 0.66194
0 21 23000000 0 0 21 37000000 1 0.55214
0 21 23000000 0 0 21 38000000 1 0.57674
0 21 23000000 0 0 21 39000000 1 1.27937
0 21 23000000 0 0 21 40000000 1 1.24761
0 21 23000000 0 0 21 41000000 1 3.38401
0 21 23000000 0 0 21 42000000 1 1.94063
0 21 23000000 0 0 21 43000000 1 0.38880
0 21 23000000 0 0 21 44000000 1 0.32938
0 21 23000000 0 0 21 45000000 1 0.27366
0 21 23000000 0 0 21 46000000 1 0.43171
0 21 23000000 0 0 21 47000000 1 0.61212
0 21 23000000 0 0 21 48000000 1 0.36149
0 21 24000000 0 0 21 24000000 1 0.98837
0 21 24000000 0 0 21 25000000 1 1.31284
0 21 24000000 0 0 21 26000000 1 1.54171
0 21 24000000 0 0 21 27000000 1 1.72205
0 21 24000000 0 0 21 28000000 1 2.14379
0 21 24000000 0 0 21 29000000 1 2.27564
0 21 24000000 0 0 21 30000000 1 1.30915
0 21 24000000 0 0 21 31000000 1 2.14154
0 21 24000000 0 0 21 32000000 1 1.54369
0 21 24000000 0 0 21 33000000 1 1.03953
0 21 24000000 0 0 21 34000000 1 0.52240
0 21 24000000 0 0 21 35000000 1 0.60048
0 21 24000000 0 0 21 36000000 1 0.76107
0 21 24000000 0 0 21 37000000 1 0.62725
0 21 24000000 0 0 21 38000000 1 0.72669
0 21 24000000 0 0 21 39000000 1 1.37941
0 21 24000000 0 0 21 40000000 1 1.34572
0 21 24000000 0 0 21 41000000 1 2.62885
0 21 24000000 0 0 21 42000000 1 1.75601
0 21 24000000 0 0 21 43000000 1 0.52617
0 21 24000000 0 0 21 44000000 1 0.38523
0 21 24000000 0 0 21 45000000 1 0.33192
0 21 24000000 0 0 21 46000000 1 0.49893
0 21 24000000 0 0 21 47000000 1 0.65868
0 21 24000000 0 0 21 48000000 1 0.45710
0 21 25000000 0 0 21 25000000 1 1.06616
0 21 25000000 0 0 21 26000000 1 1.17181
0 21 25000000 0 0 21 27000000 1 1.61694
0 21 25000000 0 0 21 28000000 1 1.54215
0 21 25000000 0 0 21 29000000 1 1.74821
0 21 25000000 0 0 21 30000000 1 1.52823
0 21 25000000 0 0 21 31000000 1 2.14906
0 21 25000000 0 0 21 32000000 1 1.57779
0 21 25000000 0 0 21 33000000 1 1.18185
0 21 25000000 0 0 21 34000000 1 0.61949
0 21 25000000 0 0 21 35000000 1 0.73711
0 21 25000000 0 0 21 36000000 1 0.93679
0 21 25000000 0 0 21 37000000 1 0.81538
0 21 25000000 0 0 21 38000000 1 0.88632
0 21 25000000 0 0 21 39000000 1 1.67340
0 21 25000000 0 0 21 40000000 1 1.60703
0 21 25000000 0 0 21 41000000 1 2.02542
0 21 25000000 0 0 21 42000000 1 1.69957
0 21 25000000 0 0 21 43000000 1 0.64230
0 21 25000000 0 0 21 44000000 1 0.47088
0 21 25000000 0 0 21 45000000 1 0.39801
0 21 25000000 0 0 21 46000000 1 0.59139
0 21 25000000 0 0 21 47000000 1 0.77372
0 21 25000000 0 0 21 48000000 1 0.45170
0 21 26000000 0 0 21 26000000 1 1.25301
0 21 26000000 0 0 21 27000000 1 1.04061
0 21 26000000 0 0 21 28000000 1 0.64792
0 21 26000000 0 0 21 29000000 1 0.86039
0 21 26000000 0 0 21 30000000 1 2.28634
0 21 26000000 0 0 21 31000000 1 1.30548
0 21 26000000 0 0 21 32000000 1 1.53215
0 21 26000000 0 0 21 33000000 1 1.43624
0 21 26000000 0 0 21 34000000 1 1.29585
0 21 26000000 0 0 21 35000000 1 1.29806
0 21 26000000 0 0 21 36000000 1 1.10621
0 21 26000000 0 0 21 37000000 1 1.28454
0 21 26000000 0 0 21 38000000 1 1.58165
0 21 26000000 0 0 21 39000000 1 1.68209
0 21 26000000 0 0 21 40000000 1 2.01234
0 21 26000000 0 0 21 41000000 1 1.14490
0 21 26000000 0 0 21 42000000 1 1.61139
0 21 26000000 0 0 21 43000000 1 1.48545
0 21 26000000 0 0 21 44000000 1 0.83491
0 21 26000000 0 0 21 45000000 1 0.78575
0 21 26000000 0 0 21 46000000 1 0.84807
0 21 26000000 0 0 21 47000000 1 1.03571
0 21 26000000 0 0 21 48000000 1 0.64541
0 21 27000000 0 0 21 27000000 1 1.09261
0 21 27000000 0 0 21 28000000 1 0.89463
0 21 27000000 0 0 21 29000000 1 1.58195
0 21 27000000 0 0 21 30000000 1 2.69618
0 21 27000000 0 0 21 31000000 1 1.98146
0 21 27000000 0 0 21 32000000 1 1.75543
0 21 27000000 0 0 21 33000000 1 1.79135
0 21 27000000 0 0 21 34000000 1 1.07623
0 21 27000000 0 0 21 35000000 1 1.05340
0 21 27000000 0 0 21 36000000 1 1.18752
0 21 27000000 0 0 21 37000000 1 1.22757
0 21 27000000 0 0 21 38000000 1 1.45171
0 21 27000000 0 0 21 39000000 1 2.08334
0 21 27000000 0 0 21 40000000 1 2.59718
0 21 27000000 0 0 21 41000000 1 2.56948
0 21 27000000 0 0 21 42000000 1 2.50071
0 21 27000000 0 0 21 43000000 1 1.21114
0 21 27000000 0 0 21 44000000 1 0.74567
0 21 27000000 0 0 21 45000000 1 0.65744
0 21 27000000 0 0 21 46000000 1 0.89808
0 21 27000000 0 0 21 47000000 1 1.23645
0 21 27000000 0 0 21 48000000 1 0.74828
0 21 28000000 0 0 21 28000000 1 1.03389
0 21 28000000 0 0 21 29000000 1 1.61331
0 21 28000000 0 0 21 30000000 1 1.55402
0 21 28000000 0 0 21 31000000 1 2.08770
0 21 28000000 0 0 21 32000000 1 1.56111
0 21 28000000 0 0 21 33000000 1 1.07365
0 21 28000000 0 0 21 34000000 1 0.44505
0 21 28000000 0 0 21 35000000 1 0.50438
0 21 28000000 0 0 21 36000000 1 0.68132
0 21 28000000 0 0 21 37000000 1 0.58360
0 21 28000000 0 0 21 38000000 1 0.60948
0 21 28000000 0 0 21 39000000 1 1.54101
0 21 28000000 0 0 21 40000000 1 1.61803
0 21 28000000 0 0 21 41000000 1 4.43570
0 21 28000000 0 0 21 42000000 1 2.56011
0 21 28000000 0 0 21 43000000 1 0.49376
0 21 28000000 0 0 21 44000000 1 0.38028
0 21 28000000 0 0 21 45000000 1 0.34738
0 21 28000000 0 0 21 46000000 1 0.53755
0 21 28000000 0 0 21 47000000 1 0.76008
0 21 28000000 0 0 21 48000000 1 0.43431
0 21 29000000 0 0 21 29000000 1 1.08476
0 21 29000000 0 0 21 30000000 1 0.76437
0 21 29000000 0 0 21 31000000 1 1.57882
0 21 29000000 0 0 21 32000000 1 1.30767
0 21 29000000 0 0 21 33000000 1 0.95740
0 21 29000000 0 0 21 34000000 1 0.41859
0 21 29000000 0 0 21 35000000 1 0.50388
0 21 29000000 0 0 21 36000000 1 0.70926
0 21 29000000 0 0 21 37000000 1 0.61213
0 21 29000000 0 0 21 38000000 1 0.64483
0 21 29000000 0 0 21 39000000 1 1.61003
0 21 29000000 0 0 21 40000000 1 1.65037
0 21 29000000 0 0 21 41000000 1 4.09156
0 21 29000000 0 0 21 42000000 1 2.46886
0 21 29000000 0 0 21 43000000 1 0.50018
0 21 29000000 0 0 21 44000000 1 0.39239
0 21 29000000 0 0 21 45000000 1 0.36319
0 21 29000000 0 0 21 46000000 1 0.54478
0 21 29000000 0 0 21 47000000 1 0.78570
0 21 29000000 0 0 21 48000000 1 0.43473
0 21 30000000 0 0 21 30000000 1 1.18806
0 21 30000000 0 0 21 31000000 1 1.01384
0 21 30000000 0 0 21 32000000 1 1.36744
0 21 30000000 0 0 21 33000000 1 1.66400
0 21 30000000 0 0 21 34000000 1 1.38391
0 21 30000000 0 0 21 35000000 1 1.23503
0 21 30000000 0 0 21 36000000 1 1.17300
0 21 30000000 0 0 21 37000000 1 1.49420
0 21 30000000 0 0 21 38000000 1 1.99093
0 21 30000000 0 0 21 39000000 1 2.06718
0 21 30000000 0 0 21 40000000 1 2.99856
0 21 30000000 0 0 21 41000000 1 1.56692
0 21 30000000 0 0 21 42000000 1 2.27219
0 21 30000000 0 0 21 43000000 1 1.78408
0 21 30000000 0 0 21 44000000 1 0.99197
0 21 30000000 0 0 21 45000000 1 0.96505
0 21 30000000 0 0 21 46000000 1 1.05375
0 21 30000000 0 0 21 47000000 1 1.43458
0 21 30000000 0 0 21 48000000 1 0.84549
0 21 31000000 0 0 21 31000000 1 1.09684
0 21 31000000 0 0 21 32000000 1 1.22362
0 21 31000000 0 0 21 33000000 1 1.19439
0 21 31000000 0 0 21 34000000 1 0.53843
0 21 31000000 0 0 21 35000000 1 0.66134
0 21 31000000 0 0 21 36000000 1 1.01648
0 21 31000000 0 0 21 37000000 1 0.96308
0 21 31000000 0 0 21 38000000 1 0.98786
0 21 31000000 0 0 21 39000000 1 2.36453
0 21 31000000 0 0 21 40000000 1 2.28277
0 21 31000000 0 0 21 41000000 1 3.61096
0 21 31000000 0 0 21 42000000 1 2.63947
0 21 31000000 0 0 21 43000000 1 0.76989
0 21 31000000 0 0 21 44000000 1 0.56787
0 21 31000000 0 0 21 45000000 1 0.45240
0 21 31000000 0 0 21 46000000 1 0.74160
0 21 31000000 0 0 21 47000000 1 1.03067
0 21 31000000 0 0 21 48000000 1 0.52860
0 21 32000000 0 0 21 32000000 1 1.20765
0 21 32000000 0 0 21 33000000 1 1.04983
0 21 32000000 0 0 21 34000000 1 0.68850
0 21 32000000 0 0 21 35000000 1 0.80431
0 21 32000000 0 0 21 36000000 1 0.99385
0 21 32000000 0 0 21 37000000 1 1.12009
0 21 32000000 0 0 21 38000000 1 1.36268
0 21 32000000 0 0 21 39000000 1 2.27987
0 21 32000000 0 0 21 40000000 1 2.56440
0 21 32000000 0 0 21 41000000 1 2.81676
0 21 32000000 0 0 21 42000000 1 2.55151
0 21 32000000 0 0 21 43000000 1 1.19573
0 21 32000000 0 0 21 44000000 1 0.75640
0 21 32000000 0 0 21 45000000 1 0.65437
0 21 32000000 0 0 21 46000000 1 0.90428
0 21 32000000 0 0 21 47000000 1 1.20660
0 21 32000000 0 0 21 48000000 1 0.67840
0 21 33000000 0 0 21 33000000 1 1.22476
0 21 33000000 0 0 21 34000000 1 1.00709
0 21 33000000 0 0 21 35000000 1 1.13499
0 21 33000000 0 0 21 36000000 1 1.38558
0 21 33000000 0 0 21 37000000 1 1.75278
0 21 33000000 0 0 21 38000000 1 2.07984
0 21 33000000 0 0 21 39000000 1 2.71178
0 21 33000000 0 0 21 40000000 1 3.31629
0 21 33000000 0 0 21 41000000 1 1.94948
0 21 33000000 0 0 21 42000000 1 2.78901
0 21 33000000 0 0 21 43000000 1 1.77194
0 21 33000000 0 0 21 44000000 1 1.23880
0 21 33000000 0 0 21 45000000 1 0.95874
0 21 33000000 0 0 21 46000000 1 1.45293
0 21 33000000 0 0 21 47000000 1 1.86853
0 21 33000000 0 0 21 48000000 1 0.87908
0 21 34000000 0 0 21 34000000 1 1.52483
0 21 34000000 0 0 21 35000000 1 0.94414
0 21 34000000 0 0 21 36000000 1 0.97173
0 21 34000000 0 0 21 37000000 1 1.66142
0 21 34000000 0 0 21 38000000 1 1.95999
0 21 34000000 0 0 21 39000000 1 1.38328
0 21 34000000 0 0 21 40000000 1 1.77676
0 21 34000000 0 0 21 41000000 1 0.61400
0 21 34000000 0 0 21 42000000 1 1.40410
0 21 34000000 0 0 21 43000000 1 2.18138
0 21 34000000 0 0 21 44000000 1 1.68964
0 21 34000000 0 0 21 45000000 1 1.53909
0 21 34000000 0 0 21 46000000 1 1.43121
0 21 34000000 0 0 21 47000000 1 1.55083
0 21 34000000 0 0 21 48000000 1 0.82651
0 21 35000000 0 0 21 35000000 1 1.40044
0 21 35000000 0 0 21 36000000 1 1.20584
0 21 35000000 0 0 21 37000000 1 2.14680
0 21 35000000 0 0 21 38000000 1 1.80150
0 21 35000000 0 0 21 39000000 1 1.41667
0 21 35000000 0 0 21 40000000 1 1.52310
0 21 35000000 0 0 21 41000000 1 0.65226
0 21 35000000 0 0 21 42000000 1 1.32483
0 21 35000000 0 0 21 43000000 1 1.70313
0 21 35000000 0 0 21 44000000 1 1.49369
0 21 35000000 0 0 21 45000000 1 1.26458
0 21 35000000 0 0 21 46000000 1 1.38649
0 21 35000000 0 0 21 47000000 1 1.44899
0 21 35000000 0 0 21 48000000 1 0.82029
0 21 36000000 0 0 21 36000000 1 1.29894
0 21 36000000 0 0 21 37000000 1 1.71608
0 21 36000000 0 0 21 38000000 1 1.19392
0 21 36000000 0 0 21 39000000 1 1.48823
0 21 36000000 0 0 21 40000000 1 1.37937
0 21 36000000 0 0 21 41000000 1 0.82188
0 21 36000000 0 0 21 42000000 1 1.31679
0 21 36000000 0 0 21 43000000 1 1.27892
0 21 36000000 0 0 21 44000000 1 1.07553
0 21 36000000 0 0 21 45000000 1 0.84343
0 21 36000000 0 0 21 46000000 1 1.14659
0 21 36000000 0 0 21 47000000 1 1.21643
0 21 36000000 0 0 21 48000000 1 0.60433
0 21 37000000 0 0 21 37000000 1 1.17232
0 21 37000000 0 0 21 38000000 1 1.41287
0 21 37000000 0 0 21 39000000 1 1.13086
0 21 37000000 0 0 21 40000000 1 1.21984
0 21 37000000 0 0 21 41000000 1 0.57635
0 21 37000000 0 0 21 42000000 1 1.19914
0 21 37000000 0 0 21 43000000 1 1.48952
0 21 37000000 0 0 21 44000000 1 1.25413
0 21 37000000 0 0 21 45000000 1 1.06495
0 21 37000000 0 0 21 46000000 1 1.25437
0 21 37000000 0 0 21 47000000 1 1.40718
0 21 37000000 0 0 21 48000000 1 0.76539
0 21 38000000 0 0 21 38000000 1 1.31174
0 21 38000000 0 0 21 39000000 1 1.04027
0 21 38000000 0 0 21 40000000 1 1.27168
0 21 38000000 0 0 21 41000000 1 0.48216
0 21 38000000 0 0 21 42000000 1 1.21870
0 21 38000000 0 0 21 43000000 1 1.71833
0 21 38000000 0 0 21 44000000 1 1.35591
0 21 38000000 0 0 21 45000000 1 1.13982
0 21 38000000 0 0 21 46000000 1 1.28382
0 21 38000000 0 0 21 47000000 1 1.48140
0 21 38000000 0 0 21 48000000 1 0.84155
0 21 39000000 0 0 21 39000000 1 1.22881
0 21 39000000 0 0 21 40000000 1 1.23350
0 21 39000000 0 0 21 41000000 1 1.11868
0 21 39000000 0 0 21 42000000 1 1.78744
0 21 39000000 0 0 21 43000000 1 1.15686
0 21 39000000 0 0 21 44000000 1 0.81417
0 21 39000000 0 0 21 45000000 1 0.67665
0 21 39000000 0 0 21 46000000 1 1.17270
0 21 39000000 0 0 21 47000000 1 1.47751
0 21 39000000 0 0 21 48000000 1 0.72887
0 21 40000000 0 0 21 40000000 1 1.18252
0 21 40000000 0 0 21 41000000 1 0.83680
0 21 40000000 0 0 21 42000000 1 1.97945
0 21 40000000 0 0 21 43000000 1 1.29417
0 21 40000000 0 0 21 44000000 1 0.85461
0 21 40000000 0 0 21 45000000 1 0.81127
0 21 40000000 0 0 21 46000000 1 1.34105
0 21 40000000 0 0 21 47000000 1 1.84804
0 21 40000000 0 0 21 48000000 1 1.03277
0 21 41000000 0 0 21 41000000 1 1.23977
0 21 41000000 0 0 21 42000000 1 1.43054
0 21 41000000 0 0 21 43000000 1 0.37822
0 21 41000000 0 0 21 44000000 1 0.33615
0 21 41000000 0 0 21 45000000 1 0.34966
0 21 41000000 0 0 21 46000000 1 0.69104
0 21 41000000 0 0 21 47000000 1 1.06087
0 21 41000000 0 0 21 48000000 1 0.53166
0 21 42000000 0 0 21 42000000 1 1.11676
0 21 42000000 0 0 21 43000000 1 1.05409
0 21 42000000 0 0 21 44000000 1 0.71281
0 21 42000000 0 0 21 45000000 1 0.69670
0 21 42000000 0 0 21 46000000 1 1.26207
0 21 42000000 0 0 21 47000000 1 1.61723
0 21 42000000 0 0 21 48000000 1 0.88591
0 21 43000000 0 0 21 43000000 1 1.48512
0 21 43000000 0 0 21 44000000 1 1.25997
0 21 43000000 0 0 21 45000000 1 1.22949
0 21 43000000 0 0 21 46000000 1 1.24419
0 21 43000000 0 0 21 47000000 1 1.26228
0 21 43000000 0 0 21 48000000 1 0.74146
0 21 44000000 0 0 21 44000000 1 1.52445
0 21 44000000 0 0 21 45000000 1 1.49511
0 21 44000000 0 0 21 46000000 1 1.21138
0 21 44000000 0 0 21 47000000 1 1.18702
0 21 44000000 0 0 21 48000000 1 0.66237
0 21 45000000 0 0 21 45000000 1 1.47307
0 21 45000000 0 0 21 46000000 1 1.50988
0 21 45000000 0 0 21 47000000 1 1.46539
0 21 45000000 0 0 21 48000000 1 0.87456
0 21 46000000 0 0 21 46000000 1 1.41021
0 21 46000000 0 0 21 47000000 1 1.62571
0 21 46000000 0 0 21 48000000 1 0.90274
0 21 47000000 0 0 21 47000000 1 1.26245
0 21 47000000 0 0 21 48000000 1 1.99456
0 21 48000000 0 0 21 48000000 1 1.82725
