0 19 0 0 0 19 0 1 1.31400
0 19 0 0 0 19 1000000 1 1.14351
0 19 0 0 0 19 2000000 1 0.68884
0 19 0 0 0 19 3000000 1 1.00213
0 19 0 0 0 19 4000000 1 1.07954
0 19 0 0 0 19 5000000 1 1.05564
0 19 0 0 0 19 6000000 1 0.94751
0 19 0 0 0 19 7000000 1 1.00225
0 19 0 0 0 19 8000000 1 1.20753
0 19 0 0 0 19 9000000 1 1.03897
0 19 0 0 0 19 10000000 1 1.31106
0 19 0 0 0 19 11000000 1 1.12637
0 19 0 0 0 19 12000000 1 1.05048
0 19 0 0 0 19 13000000 1 1.29799
0 19 0 0 0 19 14000000 1 1.21649
0 19 0 0 0 19 15000000 1 1.09152
0 19 0 0 0 19 16000000 1 1.05146
0 19 0 0 0 19 17000000 1 1.32603
0 19 0 0 0 19 18000000 1 1.54562
0 19 0 0 0 19 19000000 1 1.25631
0 19 0 0 0 19 20000000 1 0.53806
0 19 0 0 0 19 21000000 1 0.59720
0 19 0 0 0 19 22000000 1 0.46676
0 19 0 0 0 19 23000000 1 0.55845
0 19 0 0 0 19 24000000 1 0.49982
0 19 0 0 0 19 27000000 1 0.21945
0 19 0 0 0 19 28000000 1 0.42345
0 19 0 0 0 19 29000000 1 0.48614
0 19 0 0 0 19 30000000 1 0.70248
0 19 0 0 0 19 31000000 1 0.41956
0 19 0 0 0 19 32000000 1 0.52412
0 19 0 0 0 19 33000000 1 0.78685
0 19 0 0 0 19 34000000 1 0.90429
0 19 0 0 0 19 35000000 1 1.48047
0 19 0 0 0 19 36000000 1 1.78836
0 19 0 0 0 19 37000000 1 0.98775
0 19 0 0 0 19 38000000 1 1.17635
0 19 0 0 0 19 39000000 1 1.52847
0 19 0 0 0 19 40000000 1 1.50804
0 19 0 0 0 19 41000000 1 1.63362
0 19 0 0 0 19 42000000 1 1.81282
0 19 0 0 0 19 43000000 1 1.26521
0 19 0 0 0 19 44000000 1 1.71390
0 19 0 0 0 19 45000000 1 2.07817
0 19 0 0 0 19 46000000 1 2.14085
0 19 0 0 0 19 47000000 1 1.90023
0 19 0 0 0 19 48000000 1 2.32247
0 19 0 0 0 19 49000000 1 3.01134
0 19 0 0 0 19 50000000 1 3.63389
0 19 0 0 0 19 51000000 1 2.70267
0 19 0 0 0 19 52000000 1 1.84926
0 19 0 0 0 19 53000000 1 1.64306
0 19 0 0 0 19 54000000 1 2.39890
0 19 0 0 0 19 55000000 1 3.37491
0 19 0 0 0 19 56000000 1 2.96531
0 19 0 0 0 19 57000000 1 2.50426
0 19 0 0 0 19 58000000 1 3.56102
0 19 0 0 0 19 59000000 1 4.48914
0 19 1000000 0 0 19 1000000 1 1.20801
0 19 1000000 0 0 19 2000000 1 1.07387
0 19 1000000 0 0 19 3000000 1 1.03160
0 19 1000000 0 0 19 4000000 1 1.07388
0 19 1000000 0 0 19 5000000 1 0.81434
0 19 1000000 0 0 19 6000000 1 0.90639
0 19 1000000 0 0 19 7000000 1 0.89209
0 19 1000000 0 0 19 8000000 1 0.68454
0 19 1000000 0 0 19 9000000 1 0.37080
0 19 1000000 0 0 19 10000000 1 1.16965
0 19 1000000 0 0 19 11000000 1 1.03606
0 19 1000000 0 0 19 12000000 1 0.86052
0 19 1000000 0 0 19 13000000 1 1.05148
0 19 1000000 0 0 19 14000000 1 1.06384
0 19 1000000 0 0 19 15000000 1 0.73174
0 19 1000000 0 0 19 16000000 1 0.97340
0 19 1000000 0 0 19 17000000 1 1.40744
0 19 1000000 0 0 19 18000000 1 1.68045
0 19 1000000 0 0 19 19000000 1 0.90363
0 19 1000000 0 0 19 20000000 1 0.18294
0 19 1000000 0 0 19 21000000 1 0.22394
0 19 1000000 0 0 19 22000000 1 0.13194
0 19 1000000 0 0 19 23000000 1 0.16756
0 19 1000000 0 0 19 24000000 1 0.14743
0 19 1000000 0 0 19 27000000 1 0.05815
0 19 1000000 0 0 19 28000000 1 0.10251
0 19 1000000 0 0 19 29000000 1 0.11501
0 19 1000000 0 0 19 30000000 1 0.27213
0 19 1000000 0 0 19 31000000 1 0.11415
0 19 1000000 0 0 19 32000000 1 0.15793
0 19 1000000 0 0 19 33000000 1 0.34497
0 19 1000000 0 0 19 34000000 1 0.39164
0 19 1000000 0 0 19 35000000 1 0.79421
0 19 1000000 0 0 19 36000000 1 1.17038
0 19 1000000 0 0 19 37000000 1 0.39282
0 19 1000000 0 0 19 38000000 1 0.65724
0 19 1000000 0 0 19 39000000 1 1.36555
0 19 1000000 0 0 19 40000000 1 1.32282
0 19 1000000 0 0 19 41000000 1 1.33117
0 19 1000000 0 0 19 42000000 1 1.40804
0 19 1000000 0 0 19 43000000 1 0.51790
0 19 1000000 0 0 19 44000000 1 0.84571
0 19 1000000 0 0 19 45000000 1 1.66620
0 19 1000000 0 0 19 46000000 1 2.10416
0 19 1000000 0 0 19 47000000 1 2.01108
0 19 1000000 0 0 19 48000000 1 1.93318
0 19 1000000 0 0 19 49000000 1 3.10492
0 19 1000000 0 0 19 50000000 1 2.93020
0 19 1000000 0 0 19 51000000 1 1.37157
0 19 1000000 0 0 19 52000000 1 0.73576
0 19 1000000 0 0 19 53000000 1 0.72301
0 19 1000000 0 0 19 54000000 1 0.93026
0 19 1000000 0 0 19 55000000 1 1.71498
0 19 1000000 0 0 19 56000000 1 1.03016
0 19 1000000 0 0 19 57000000 1 0.69110
0 19 1000000 0 0 19 58000000 1 1.18738
0 19 1000000 0 0 19 59000000 1 1.58032
0 19 2000000 0 0 19 2000000 1 1.27135
0 19 2000000 0 0 19 3000000 1 1.04767
0 19 2000000 0 0 19 4000000 1 0.77926
0 19 2000000 0 0 19 5000000 1 0.60719
0 19 2000000 0 0 19 6000000 1 0.79777
0 19 2000000 0 0 19 7000000 1 0.80569
0 19 2000000 0 0 19 8000000 1 0.54865
0 19 2000000 0 0 19 9000000 1 0.38553
0 19 2000000 0 0 19 10000000 1 0.91553
0 19 2000000 0 0 19 11000000 1 1.04728
0 19 2000000 0 0 19 12000000 1 1.02316
0 19 2000000 0 0 19 13000000 1 0.82972
0 19 2000000 0 0 19 14000000 1 0.91178
0 19 2000000 0 0 19 15000000 1 0.57888
0 19 2000000 0 0 19 16000000 1 0.84099
0 19 2000000 0 0 19 17000000 1 1.11289
0 19 2000000 0 0 19 18000000 1 1.22546
0 19 2000000 0 0 19 19000000 1 0.70053
0 19 2000000 0 0 19 20000000 1 0.20159
0 19 2000000 0 0 19 21000000 1 0.25127
0 19 2000000 0 0 19 22000000 1 0.15025
0 19 2000000 0 0 19 23000000 1 0.21159
0 19 2000000 0 0 19 24000000 1 0.17985
0 19 2000000 0 0 19 27000000 1 0.07500
0 19 2000000 0 0 19 28000000 1 0.11155
0 19 2000000 0 0 19 29000000 1 0.10755
0 19 2000000 0 0 19 30000000 1 0.23759
0 19 2000000 0 0 19 31000000 1 0.08746
0 19 2000000 0 0 19 32000000 1 0.12383
0 19 2000000 0 0 19 33000000 1 0.27079
0 19 2000000 0 0 19 34000000 1 0.32213
0 19 2000000 0 0 19 35000000 1 0.69382
0 19 2000000 0 0 19 36000000 1 0.87275
0 19 2000000 0 0 19 37000000 1 0.47567
0 19 2000000 0 0 19 38000000 1 0.58651
0 19 2000000 0 0 19 39000000 1 1.06899
0 19 2000000 0 0 19 40000000 1 1.16791
0 19 2000000 0 0 19 41000000 1 0.98925
0 19 2000000 0 0 19 42000000 1 1.03899
0 19 2000000 0 0 19 43000000 1 0.42406
0 19 2000000 0 0 19 44000000 1 0.91674
0 19 2000000 0 0 19 45000000 1 1.27088
0 19 2000000 0 0 19 46000000 1 1.59537
0 19 2000000 0 0 19 47000000 1 1.60529
0 19 2000000 0 0 19 48000000 1 1.43763
0 19 2000000 0 0 19 49000000 1 2.32093
0 19 2000000 0 0 19 50000000 1 2.04084
0 19 2000000 0 0 19 51000000 1 1.01356
0 19 2000000 0 0 19 52000000 1 0.79841
0 19 2000000 0 0 19 53000000 1 0.76882
0 19 2000000 0 0 19 54000000 1 0.75269
0 19 2000000 0 0 19 55000000 1 1.21641
0 19 2000000 0 0 19 56000000 1 0.74708
0 19 2000000 0 0 19 57000000 1 0.64015
0 19 2000000 0 0 19 58000000 1 1.14637
0 19 2000000 0 0 19 59000000 1 1.14208
0 19 3000000 0 0 19 3000000 1 1.14809
0 19 3000000 0 0 19 4000000 1 1.05285
0 19 3000000 0 0 19 5000000 1 0.95600
0 19 3000000 0 0 19 6000000 1 0.85685
0 19 3000000 0 0 19 7000000 1 0.82281
0 19 3000000 0 0 19 8000000 1 0.75457
0 19 3000000 0 0 19 9000000 1 0.44714
0 19 3000000 0 0 19 10000000 1 0.95154
0 19 3000000 0 0 19 11000000 1 0.97386
0 19 3000000 0 0 19 12000000 1 0.77414
0 19 3000000 0 0 19 13000000 1 1.17227
0 19 3000000 0 0 19 14000000 1 1.12140
0 19 3000000 0 0 19 15000000 1 1.05485
0 19 3000000 0 0 19 16000000 1 1.10273
0 19 3000000 0 0 19 17000000 1 1.39219
0 19 3000000 0 0 19 18000000 1 1.36182
0 19 3000000 0 0 19 19000000 1 0.88819
0 19 3000000 0 0 19 20000000 1 0.20052
0 19 3000000 0 0 19 21000000 1 0.24747
0 19 3000000 0 0 19 22000000 1 0.16834
0 19 3000000 0 0 19 23000000 1 0.20706
0 19 3000000 0 0 19 24000000 1 0.19647
0 19 3000000 0 0 19 27000000 1 0.07243
0 19 3000000 0 0 19 28000000 1 0.14237
0 19 3000000 0 0 19 29000000 1 0.14273
0 19 3000000 0 0 19 30000000 1 0.30716
0 19 3000000 0 0 19 31000000 1 0.14573
0 19 3000000 0 0 19 32000000 1 0.19214
0 19 3000000 0 0 19 33000000 1 0.41958
0 19 3000000 0 0 19 34000000 1 0.50598
0 19 3000000 0 0 19 35000000 1 0.77990
0 19 3000000 0 0 19 36000000 1 1.03293
0 19 3000000 0 0 19 37000000 1 0.39062
0 19 3000000 0 0 19 38000000 1 0.71877
0 19 3000000 0 0 19 39000000 1 1.34491
0 19 3000000 0 0 19 40000000 1 1.45436
0 19 3000000 0 0 19 41000000 1 1.45522
0 19 3000000 0 0 19 42000000 1 1.52081
0 19 3000000 0 0 19 43000000 1 0.74347
0 19 3000000 0 0 19 44000000 1 0.97761
0 19 3000000 0 0 19 45000000 1 1.59565
0 19 3000000 0 0 19 46000000 1 2.18808
0 19 3000000 0 0 19 47000000 1 2.01970
0 19 3000000 0 0 19 48000000 1 2.26339
0 19 3000000 0 0 19 49000000 1 2.77420
0 19 3000000 0 0 19 50000000 1 2.52760
0 19 3000000 0 0 19 51000000 1 1.64871
0 19 3000000 0 0 19 52000000 1 0.78186
0 19 3000000 0 0 19 53000000 1 0.65197
0 19 3000000 0 0 19 54000000 1 0.92162
0 19 3000000 0 0 19 55000000 1 1.48621
0 19 3000000 0 0 19 56000000 1 0.91962
0 19 3000000 0 0 19 57000000 1 0.64958
0 19 3000000 0 0 19 58000000 1 1.02323
0 19 3000000 0 0 19 59000000 1 0.97998
0 19 4000000 0 0 19 4000000 1 1.10994
0 19 4000000 0 0 19 5000000 1 1.16475
0 19 4000000 0 0 19 6000000 1 0.83331
0 19 4000000 0 0 19 7000000 1 0.81942
0 19 4000000 0 0 19 8000000 1 0.77404
0 19 4000000 0 0 19 9000000 1 0.40486
0 19 4000000 0 0 19 10000000 1 1.00845
0 19 4000000 0 0 19 11000000 1 0.99300
0 19 4000000 0 0 19 12000000 1 0.71409
0 19 4000000 0 0 19 13000000 1 1.15043
0 19 4000000 0 0 19 14000000 1 1.19735
0 19 4000000 0 0 19 15000000 1 0.99075
0 19 4000000 0 0 19 16000000 1 1.14189
0 19 4000000 0 0 19 17000000 1 1.41368
0 19 4000000 0 0 19 18000000 1 1.45969
0 19 4000000 0 0 19 19000000 1 0.96999
0 19 4000000 0 0 19 20000000 1 0.19940
0 19 4000000 0 0 19 21000000 1 0.24652
0 19 4000000 0 0 19 22000000 1 0.15419
0 19 4000000 0 0 19 23000000 1 0.20769
0 19 4000000 0 0 19 24000000 1 0.19359
0 19 4000000 0 0 19 27000000 1 0.06309
0 19 4000000 0 0 19 28000000 1 0.13512
0 19 4000000 0 0 19 29000000 1 0.13961
0 19 4000000 0 0 19 30000000 1 0.35476
0 19 4000000 0 0 19 31000000 1 0.13743
0 19 4000000 0 0 19 32000000 1 0.20525
0 19 4000000 0 0 19 33000000 1 0.52137
0 19 4000000 0 0 19 34000000 1 0.56599
0 19 4000000 0 0 19 35000000 1 0.82788
0 19 4000000 0 0 19 36000000 1 1.07976
0 19 4000000 0 0 19 37000000 1 0.35499
0 19 4000000 0 0 19 38000000 1 0.76057
0 19 4000000 0 0 19 39000000 1 1.45054
0 19 4000000 0 0 19 40000000 1 1.53418
0 19 4000000 0 0 19 41000000 1 1.58406
0 19 4000000 0 0 19 42000000 1 1.65566
0 19 4000000 0 0 19 43000000 1 0.79146
0 19 4000000 0 0 19 44000000 1 1.03173
0 19 4000000 0 0 19 45000000 1 1.72738
0 19 4000000 0 0 19 46000000 1 2.26624
0 19 4000000 0 0 19 47000000 1 2.32730
0 19 4000000 0 0 19 48000000 1 2.32654
0 19 4000000 0 0 19 49000000 1 2.89741
0 19 4000000 0 0 19 50000000 1 2.55109
0 19 4000000 0 0 19 51000000 1 1.65822
0 19 4000000 0 0 19 52000000 1 0.77053
0 19 4000000 0 0 19 53000000 1 0.61145
0 19 4000000 0 0 19 54000000 1 0.88033
0 19 4000000 0 0 19 55000000 1 1.49135
0 19 4000000 0 0 19 56000000 1 0.89887
0 19 4000000 0 0 19 57000000 1 0.60869
0 19 4000000 0 0 19 58000000 1 0.93023
0 19 4000000 0 0 19 59000000 1 1.23117
0 19 5000000 0 0 19 5000000 1 1.14019
0 19 5000000 0 0 19 6000000 1 0.88104
0 19 5000000 0 0 19 7000000 1 0.72363
0 19 5000000 0 0 19 8000000 1 0.85100
0 19 5000000 0 0 19 9000000 1 0.53154
0 19 5000000 0 0 19 10000000 1 0.79734
0 19 5000000 0 0 19 11000000 1 0.71105
0 19 5000000 0 0 19 12000000 1 0.54062
0 19 5000000 0 0 19 13000000 1 1.28637
0 19 5000000 0 0 19 14000000 1 1.13646
0 19 5000000 0 0 19 15000000 1 1.46455
0 19 5000000 0 0 19 16000000 1 1.18844
0 19 5000000 0 0 19 17000000 1 1.23653
0 19 5000000 0 0 19 18000000 1 1.14614
0 19 5000000 0 0 19 19000000 1 0.85962
0 19 5000000 0 0 19 20000000 1 0.27602
0 19 5000000 0 0 19 21000000 1 0.31201
0 19 5000000 0 0 19 22000000 1 0.24951
0 19 5000000 0 0 19 23000000 1 0.30128
0 19 5000000 0 0 19 24000000 1 0.28103
0 19 5000000 0 0 19 27000000 1 0.12579
0 19 5000000 0 0 19 28000000 1 0.25704
0 19 5000000 0 0 19 29000000 1 0.31383
0 19 5000000 0 0 19 30000000 1 0.56666
0 19 5000000 0 0 19 31000000 1 0.31049
0 19 5000000 0 0 19 32000000 1 0.39439
0 19 5000000 0 0 19 33000000 1 0.76958
0 19 5000000 0 0 19 34000000 1 0.90504
0 19 5000000 0 0 19 35000000 1 0.87079
0 19 5000000 0 0 19 36000000 1 0.93730
0 19 5000000 0 0 19 37000000 1 0.38943
0 19 5000000 0 0 19 38000000 1 0.79667
0 19 5000000 0 0 19 39000000 1 1.31914
0 19 5000000 0 0 19 40000000 1 1.42224
0 19 5000000 0 0 19 41000000 1 1.80251
0 19 5000000 0 0 19 42000000 1 1.75854
0 19 5000000 0 0 19 43000000 1 1.38692
0 19 5000000 0 0 19 44000000 1 1.03505
0 19 5000000 0 0 19 45000000 1 1.59729
0 19 5000000 0 0 19 46000000 1 2.35748
0 19 5000000 0 0 19 47000000 1 1.90534
0 19 5000000 0 0 19 48000000 1 2.40309
0 19 5000000 0 0 19 49000000 1 2.12684
0 19 5000000 0 0 19 50000000 1 2.33464
0 19 5000000 0 0 19 51000000 1 2.18710
0 19 5000000 0 0 19 52000000 1 0.84804
0 19 5000000 0 0 19 53000000 1 0.63098
0 19 5000000 0 0 19 54000000 1 1.04600
0 19 5000000 0 0 19 55000000 1 1.57115
0 19 5000000 0 0 19 56000000 1 1.10178
0 19 5000000 0 0 19 57000000 1 0.73584
0 19 5000000 0 0 19 58000000 1 0.83882
0 19 5000000 0 0 19 59000000 1 0.82654
0 19 6000000 0 0 19 6000000 1 1.24203
0 19 6000000 0 0 19 7000000 1 0.94590
0 19 6000000 0 0 19 8000000 1 0.63242
0 19 6000000 0 0 19 9000000 1 0.36275
0 19 6000000 0 0 19 10000000 1 0.80711
0 19 6000000 0 0 19 11000000 1 0.80715
0 19 6000000 0 0 19 12000000 1 0.74676
0 19 6000000 0 0 19 13000000 1 0.83483
0 19 6000000 0 0 19 14000000 1 0.90755
0 19 6000000 0 0 19 15000000 1 0.71162
0 19 6000000 0 0 19 16000000 1 0.91231
0 19 6000000 0 0 19 17000000 1 1.22101
0 19 6000000 0 0 19 18000000 1 1.31812
0 19 6000000 0 0 19 19000000 1 0.89968
0 19 6000000 0 0 19 20000000 1 0.25265
0 19 6000000 0 0 19 21000000 1 0.31404
0 19 6000000 0 0 19 22000000 1 0.19987
0 19 6000000 0 0 19 23000000 1 0.25540
0 19 6000000 0 0 19 24000000 1 0.22694
0 19 6000000 0 0 19 27000000 1 0.08647
0 19 6000000 0 0 19 28000000 1 0.15686
0 19 6000000 0 0 19 29000000 1 0.16153
0 19 6000000 0 0 19 30000000 1 0.35466
0 19 6000000 0 0 19 31000000 1 0.14663
0 19 6000000 0 0 19 32000000 1 0.19877
0 19 6000000 0 0 19 33000000 1 0.43993
0 19 6000000 0 0 19 34000000 1 0.49658
0 19 6000000 0 0 19 35000000 1 0.88025
0 19 6000000 0 0 19 36000000 1 1.00504
0 19 6000000 0 0 19 37000000 1 0.45880
0 19 6000000 0 0 19 38000000 1 0.76202
0 19 6000000 0 0 19 39000000 1 1.30584
0 19 6000000 0 0 19 40000000 1 1.38320
0 19 6000000 0 0 19 41000000 1 1.17719
0 19 6000000 0 0 19 42000000 1 1.23882
0 19 6000000 0 0 19 43000000 1 0.62957
0 19 6000000 0 0 19 44000000 1 0.95224
0 19 6000000 0 0 19 45000000 1 1.45231
0 19 6000000 0 0 19 46000000 1 1.69574
0 19 6000000 0 0 19 47000000 1 1.69264
0 19 6000000 0 0 19 48000000 1 1.61159
0 19 6000000 0 0 19 49000000 1 2.10202
0 19 6000000 0 0 19 50000000 1 2.12023
0 19 6000000 0 0 19 51000000 1 1.35647
0 19 6000000 0 0 19 52000000 1 0.86294
0 19 6000000 0 0 19 53000000 1 0.76032
0 19 6000000 0 0 19 54000000 1 0.89672
0 19 6000000 0 0 19 55000000 1 1.39721
0 19 6000000 0 0 19 56000000 1 0.81105
0 19 6000000 0 0 19 57000000 1 0.64009
0 19 6000000 0 0 19 58000000 1 1.02231
0 19 6000000 0 0 19 59000000 1 1.02428
0 19 7000000 0 0 19 7000000 1 1.24286
0 19 7000000 0 0 19 8000000 1 0.77411
0 19 7000000 0 0 19 9000000 1 0.31283
0 19 7000000 0 0 19 10000000 1 0.90443
0 19 7000000 0 0 19 11000000 1 0.82629
0 19 7000000 0 0 19 12000000 1 0.71048
0 19 7000000 0 0 19 13000000 1 0.76348
0 19 7000000 0 0 19 14000000 1 0.85549
0 19 7000000 0 0 19 15000000 1 0.62519
0 19 7000000 0 0 19 16000000 1 0.82613
0 19 7000000 0 0 19 17000000 1 1.14350
0 19 7000000 0 0 19 18000000 1 1.46859
0 19 7000000 0 0 19 19000000 1 1.25576
0 19 7000000 0 0 19 20000000 1 0.29222
0 19 7000000 0 0 19 21000000 1 0.36944
0 19 7000000 0 0 19 22000000 1 0.21466
0 19 7000000 0 0 19 23000000 1 0.29046
0 19 7000000 0 0 19 24000000 1 0.26032
0 19 7000000 0 0 19 27000000 1 0.10508
0 19 7000000 0 0 19 28000000 1 0.19122
0 19 7000000 0 0 19 29000000 1 0.17521
0 19 7000000 0 0 19 30000000 1 0.44533
0 19 7000000 0 0 19 31000000 1 0.15887
0 19 7000000 0 0 19 32000000 1 0.25104
0 19 7000000 0 0 19 33000000 1 0.60939
0 19 7000000 0 0 19 34000000 1 0.63865
0 19 7000000 0 0 19 35000000 1 1.18774
0 19 7000000 0 0 19 36000000 1 1.30719
0 19 7000000 0 0 19 37000000 1 0.53448
0 19 7000000 0 0 19 38000000 1 0.94440
0 19 7000000 0 0 19 39000000 1 1.51446
0 19 7000000 0 0 19 40000000 1 1.46806
0 19 7000000 0 0 19 41000000 1 1.19918
0 19 7000000 0 0 19 42000000 1 1.38002
0 19 7000000 0 0 19 43000000 1 0.62703
0 19 7000000 0 0 19 44000000 1 1.13152
0 19 7000000 0 0 19 45000000 1 1.63252
0 19 7000000 0 0 19 46000000 1 1.66255
0 19 7000000 0 0 19 47000000 1 1.58359
0 19 7000000 0 0 19 48000000 1 1.47829
0 19 7000000 0 0 19 49000000 1 2.11930
0 19 7000000 0 0 19 50000000 1 2.16881
0 19 7000000 0 0 19 51000000 1 1.58571
0 19 7000000 0 0 19 52000000 1 1.01023
0 19 7000000 0 0 19 53000000 1 0.94813
0 19 7000000 0 0 19 54000000 1 1.09716
0 19 7000000 0 0 19 55000000 1 1.81587
0 19 7000000 0 0 19 56000000 1 0.96780
0 19 7000000 0 0 19 57000000 1 0.78704
0 19 7000000 0 0 19 58000000 1 1.30421
0 19 7000000 0 0 19 59000000 1 1.40482
0 19 8000000 0 0 19 8000000 1 1.01211
0 19 8000000 0 0 19 9000000 1 0.74252
0 19 8000000 0 0 19 10000000 1 0.90246
0 19 8000000 0 0 19 11000000 1 0.66576
0 19 8000000 0 0 19 12000000 1 0.66974
0 19 8000000 0 0 19 13000000 1 0.93397
0 19 8000000 0 0 19 14000000 1 0.86264
0 19 8000000 0 0 19 15000000 1 0.90703
0 19 8000000 0 0 19 16000000 1 0.83217
0 19 8000000 0 0 19 17000000 1 0.87751
0 19 8000000 0 0 19 18000000 1 1.19438
0 19 8000000 0 0 19 19000000 1 2.01533
0 19 8000000 0 0 19 20000000 1 1.35113
0 19 8000000 0 0 19 21000000 1 1.40974
0 19 8000000 0 0 19 22000000 1 1.41702
0 19 8000000 0 0 19 23000000 1 1.44621
0 19 8000000 0 0 19 24000000 1 1.31141
0 19 8000000 0 0 19 27000000 1 0.74004
0 19 8000000 0 0 19 28000000 1 1.31141
0 19 8000000 0 0 19 29000000 1 1.45283
0 19 8000000 0 0 19 30000000 1 1.84829
0 19 8000000 0 0 19 31000000 1 1.31658
0 19 8000000 0 0 19 32000000 1 1.51781
0 19 8000000 0 0 19 33000000 1 1.80139
0 19 8000000 0 0 19 34000000 1 1.98601
0 19 8000000 0 0 19 35000000 1 2.42179
0 19 8000000 0 0 19 36000000 1 2.39829
0 19 8000000 0 0 19 37000000 1 1.79484
0 19 8000000 0 0 19 38000000 1 2.11261
0 19 8000000 0 0 19 39000000 1 1.62922
0 19 8000000 0 0 19 40000000 1 1.39924
0 19 8000000 0 0 19 41000000 1 1.52690
0 19 8000000 0 0 19 42000000 1 1.79508
0 19 8000000 0 0 19 43000000 1 2.28960
0 19 8000000 0 0 19 44000000 1 2.44212
0 19 8000000 0 0 19 45000000 1 2.45674
0 19 8000000 0 0 19 46000000 1 1.56163
0 19 8000000 0 0 19 47000000 1 1.37831
0 19 8000000 0 0 19 48000000 1 1.68237
0 19 8000000 0 0 19 49000000 1 1.69011
0 19 8000000 0 0 19 50000000 1 2.32462
0 19 8000000 0 0 19 51000000 1 3.20234
0 19 8000000 0 0 19 52000000 1 2.80121
0 19 8000000 0 0 19 53000000 1 2.72803
0 19 8000000 0 0 19 54000000 1 3.83500
0 19 8000000 0 0 19 55000000 1 3.79728
0 19 8000000 0 0 19 56000000 1 4.10145
0 19 8000000 0 0 19 57000000 1 3.56211
0 19 8000000 0 0 19 58000000 1 2.94696
0 19 8000000 0 0 19 59000000 1 1.93497
0 19 9000000 0 0 19 9000000 1 0.98121
0 19 9000000 0 0 19 10000000 1 0.54657
0 19 9000000 0 0 19 11000000 1 0.53648
0 19 9000000 0 0 19 12000000 1 1.01664
0 19 9000000 0 0 19 13000000 1 0.67799
0 19 9000000 0 0 19 14000000 1 0.55158
0 19 9000000 0 0 19 15000000 1 0.71272
0 19 9000000 0 0 19 16000000 1 0.51858
0 19 9000000 0 0 19 17000000 1 0.47098
0 19 9000000 0 0 19 18000000 1 0.52982
0 19 9000000 0 0 19 19000000 1 1.94872
0 19 9000000 0 0 19 20000000 1 3.57933
0 19 9000000 0 0 19 21000000 1 3.54051
0 19 9000000 0 0 19 22000000 1 3.57954
0 19 9000000 0 0 19 23000000 1 3.79382
0 19 9000000 0 0 19 24000000 1 3.13386
0 19 9000000 0 0 19 27000000 1 1.73519
0 19 9000000 0 0 19 28000000 1 2.60608
0 19 9000000 0 0 19 29000000 1 2.52810
0 19 9000000 0 0 19 30000000 1 1.59919
0 19 9000000 0 0 19 31000000 1 2.15639
0 19 9000000 0 0 19 32000000 1 2.24312
0 19 9000000 0 0 19 33000000 1 1.20982
0 19 9000000 0 0 19 34000000 1 1.40671
0 19 9000000 0 0 19 35000000 1 2.52315
0 19 9000000 0 0 19 36000000 1 2.33510
0 19 9000000 0 0 19 37000000 1 4.75080
0 19 9000000 0 0 19 38000000 1 2.40564
0 19 9000000 0 0 19 39000000 1 0.67969
0 19 9000000 0 0 19 40000000 1 0.81877
0 19 9000000 0 0 19 41000000 1 0.87058
0 19 9000000 0 0 19 42000000 1 0.86622
0 19 9000000 0 0 19 43000000 1 2.19839
0 19 9000000 0 0 19 44000000 1 3.44676
0 19 9000000 0 0 19 45000000 1 1.56782
0 19 9000000 0 0 19 46000000 1 0.77353
0 19 9000000 0 0 19 47000000 1 0.57305
0 19 9000000 0 0 19 48000000 1 1.02625
0 19 9000000 0 0 19 49000000 1 0.80804
0 19 9000000 0 0 19 50000000 1 1.40957
0 19 9000000 0 0 19 51000000 1 2.09146
0 19 9000000 0 0 19 52000000 1 5.29066
0 19 9000000 0 0 19 53000000 1 5.95108
0 19 9000000 0 0 19 54000000 1 6.06235
0 19 9000000 0 0 19 55000000 1 3.24339
0 19 9000000 0 0 19 56000000 1 5.90516
0 19 9000000 0 0 19 57000000 1 7.21740
0 19 9000000 0 0 19 58000000 1 5.55552
0 19 9000000 0 0 19 59000000 1 1.45329
0 19 10000000 0 0 19 10000000 1 1.18566
0 19 10000000 0 0 19 11000000 1 0.74467
0 19 10000000 0 0 19 12000000 1 0.54685
0 19 10000000 0 0 19 13000000 1 0.74375
0 19 10000000 0 0 19 14000000 1 0.83260
0 19 10000000 0 0 19 15000000 1 0.63555
0 19 10000000 0 0 19 16000000 1 0.85729
0 19 10000000 0 0 19 17000000 1 1.19366
0 19 10000000 0 0 19 18000000 1 1.85495
0 19 10000000 0 0 19 19000000 1 2.06850
0 19 10000000 0 0 19 20000000 1 0.46443
0 19 10000000 0 0 19 21000000 1 0.59007
0 19 10000000 0 0 19 22000000 1 0.32161
0 19 10000000 0 0 19 23000000 1 0.45733
0 19 10000000 0 0 19 24000000 1 0.39660
0 19 10000000 0 0 19 27000000 1 0.14745
0 19 10000000 0 0 19 28000000 1 0.30860
0 19 10000000 0 0 19 29000000 1 0.33063
0 19 10000000 0 0 19 30000000 1 0.83579
0 19 10000000 0 0 19 31000000 1 0.26472
0 19 10000000 0 0 19 32000000 1 0.42429
0 19 10000000 0 0 19 33000000 1 0.90048
0 19 10000000 0 0 19 34000000 1 1.04230
0 19 10000000 0 0 19 35000000 1 1.70926
0 19 10000000 0 0 19 36000000 1 2.27384
0 19 10000000 0 0 19 37000000 1 0.74972
0 19 10000000 0 0 19 38000000 1 1.28979
0 19 10000000 0 0 19 39000000 1 1.83843
0 19 10000000 0 0 19 40000000 1 1.43946
0 19 10000000 0 0 19 41000000 1 1.36987
0 19 10000000 0 0 19 42000000 1 1.67200
0 19 10000000 0 0 19 43000000 1 0.95449
0 19 10000000 0 0 19 44000000 1 1.51441
0 19 10000000 0 0 19 45000000 1 2.17897
0 19 10000000 0 0 19 46000000 1 1.86907
0 19 10000000 0 0 19 47000000 1 1.72238
0 19 10000000 0 0 19 48000000 1 1.58196
0 19 10000000 0 0 19 49000000 1 2.14578
0 19 10000000 0 0 19 50000000 1 2.61594
0 19 10000000 0 0 19 51000000 1 2.14432
0 19 10000000 0 0 19 52000000 1 1.44019
0 19 10000000 0 0 19 53000000 1 1.31144
0 19 10000000 0 0 19 54000000 1 1.81450
0 19 10000000 0 0 19 55000000 1 2.90854
0 19 10000000 0 0 19 56000000 1 1.87304
0 19 10000000 0 0 19 57000000 1 1.27323
0 19 10000000 0 0 19 58000000 1 1.87838
0 19 10000000 0 0 19 59000000 1 2.03736
0 19 11000000 0 0 19 11000000 1 1.11378
0 19 11000000 0 0 19 12000000 1 1.27078
0 19 11000000 0 0 19 13000000 1 0.62654
0 19 11000000 0 0 19 14000000 1 0.71962
0 19 11000000 0 0 19 15000000 1 0.51433
0 19 11000000 0 0 19 16000000 1 0.77202
0 19 11000000 0 0 19 17000000 1 1.11312
0 19 11000000 0 0 19 18000000 1 1.39732
0 19 11000000 0 0 19 19000000 1 1.39765
0 19 11000000 0 0 19 20000000 1 0.60996
0 19 11000000 0 0 19 21000000 1 0.74508
0 19 11000000 0 0 19 22000000 1 0.48098
0 19 11000000 0 0 19 23000000 1 0.65979
0 19 11000000 0 0 19 24000000 1 0.55093
0 19 11000000 0 0 19 27000000 1 0.18414
0 19 11000000 0 0 19 28000000 1 0.30664
0 19 11000000 0 0 19 29000000 1 0.27824
0 19 11000000 0 0 19 30000000 1 0.44925
0 19 11000000 0 0 19 31000000 1 0.22910
0 19 11000000 0 0 19 32000000 1 0.31220
0 19 11000000 0 0 19 33000000 1 0.51010
0 19 11000000 0 0 19 34000000 1 0.60670
0 19 11000000 0 0 19 35000000 1 1.18845
0 19 11000000 0 0 19 36000000 1 1.59908
0 19 11000000 0 0 19 37000000 1 1.25295
0 19 11000000 0 0 19 38000000 1 1.14167
0 19 11000000 0 0 19 39000000 1 1.27579
0 19 11000000 0 0 19 40000000 1 1.35167
0 19 11000000 0 0 19 41000000 1 1.04810
0 19 11000000 0 0 19 42000000 1 1.04616
0 19 11000000 0 0 19 43000000 1 0.62877
0 19 11000000 0 0 19 44000000 1 1.56790
0 19 11000000 0 0 19 45000000 1 1.62646
0 19 11000000 0 0 19 46000000 1 1.49804
0 19 11000000 0 0 19 47000000 1 1.51127
0 19 11000000 0 0 19 48000000 1 1.36847
0 19 11000000 0 0 19 49000000 1 1.89478
0 19 11000000 0 0 19 50000000 1 1.88471
0 19 11000000 0 0 19 51000000 1 1.35294
0 19 11000000 0 0 19 52000000 1 1.77460
0 19 11000000 0 0 19 53000000 1 1.79890
0 19 11000000 0 0 19 54000000 1 1.36027
0 19 11000000 0 0 19 55000000 1 1.61842
0 19 11000000 0 0 19 56000000 1 1.20844
0 19 11000000 0 0 19 57000000 1 1.27115
0 19 11000000 0 0 19 58000000 1 2.17923
0 19 11000000 0 0 19 59000000 1 1.46389
0 19 12000000 0 0 19 12000000 1 1.15860
0 19 12000000 0 0 19 13000000 1 0.57382
0 19 12000000 0 0 19 14000000 1 0.56337
0 19 12000000 0 0 19 15000000 1 0.40015
0 19 12000000 0 0 19 16000000 1 0.59944
0 19 12000000 0 0 19 17000000 1 0.81976
0 19 12000000 0 0 19 18000000 1 0.91582
0 19 12000000 0 0 19 19000000 1 1.23821
0 19 12000000 0 0 19 20000000 1 1.00873
0 19 12000000 0 0 19 21000000 1 1.15394
0 19 12000000 0 0 19 22000000 1 0.76289
0 19 12000000 0 0 19 23000000 1 1.03117
0 19 12000000 0 0 19 24000000 1 0.84543
0 19 12000000 0 0 19 27000000 1 0.34334
0 19 12000000 0 0 19 28000000 1 0.42855
0 19 12000000 0 0 19 29000000 1 0.34312
0 19 12000000 0 0 19 30000000 1 0.39010
0 19 12000000 0 0 19 31000000 1 0.28630
0 19 12000000 0 0 19 32000000 1 0.34376
0 19 12000000 0 0 19 33000000 1 0.39046
0 19 12000000 0 0 19 34000000 1 0.44733
0 19 12000000 0 0 19 35000000 1 1.02972
0 19 12000000 0 0 19 36000000 1 1.41379
0 19 12000000 0 0 19 37000000 1 2.25305
0 19 12000000 0 0 19 38000000 1 1.20534
0 19 12000000 0 0 19 39000000 1 0.88730
0 19 12000000 0 0 19 40000000 1 1.14978
0 19 12000000 0 0 19 41000000 1 0.78320
0 19 12000000 0 0 19 42000000 1 0.78150
0 19 12000000 0 0 19 43000000 1 0.52462
0 19 12000000 0 0 19 44000000 1 1.92542
0 19 12000000 0 0 19 45000000 1 1.25302
0 19 12000000 0 0 19 46000000 1 1.05317
0 19 12000000 0 0 19 47000000 1 1.01845
0 19 12000000 0 0 19 48000000 1 0.95871
0 19 12000000 0 0 19 49000000 1 1.49987
0 19 12000000 0 0 19 50000000 1 1.49042
0 19 12000000 0 0 19 51000000 1 1.00068
0 19 12000000 0 0 19 52000000 1 2.69165
0 19 12000000 0 0 19 53000000 1 2.75383
0 19 12000000 0 0 19 54000000 1 1.55479
0 19 12000000 0 0 19 55000000 1 1.26402
0 19 12000000 0 0 19 56000000 1 1.30467
0 19 12000000 0 0 19 57000000 1 1.68096
0 19 12000000 0 0 19 58000000 1 3.14489
0 19 12000000 0 0 19 59000000 1 1.45912
0 19 13000000 0 0 19 13000000 1 1.05570
0 19 13000000 0 0 19 14000000 1 1.24761
0 19 13000000 0 0 19 15000000 1 1.41529
0 19 13000000 0 0 19 16000000 1 1.36379
0 19 13000000 0 0 19 17000000 1 1.24433
0 19 13000000 0 0 19 18000000 1 1.05464
0 19 13000000 0 0 19 19000000 1 0.94098
0 19 13000000 0 0 19 20000000 1 0.40691
0 19 13000000 0 0 19 21000000 1 0.48472
0 19 13000000 0 0 19 22000000 1 0.41618
0 19 13000000 0 0 19 23000000 1 0.48031
0 19 13000000 0 0 19 24000000 1 0.44569
0 19 13000000 0 0 19 27000000 1 0.19846
0 19 13000000 0 0 19 28000000 1 0.39763
0 19 13000000 0 0 19 29000000 1 0.44491
0 19 13000000 0 0 19 30000000 1 0.71671
0 19 13000000 0 0 19 31000000 1 0.43089
0 19 13000000 0 0 19 32000000 1 0.50191
0 19 13000000 0 0 19 33000000 1 0.84979
0 19 13000000 0 0 19 34000000 1 1.00853
0 19 13000000 0 0 19 35000000 1 1.07320
0 19 13000000 0 0 19 36000000 1 1.07343
0 19 13000000 0 0 19 37000000 1 0.54371
0 19 13000000 0 0 19 38000000 1 0.97666
0 19 13000000 0 0 19 39000000 1 1.24176
0 19 13000000 0 0 19 40000000 1 1.23244
0 19 13000000 0 0 19 41000000 1 1.61179
0 19 13000000 0 0 19 42000000 1 1.58122
0 19 13000000 0 0 19 43000000 1 1.46146
0 19 13000000 0 0 19 44000000 1 1.16375
0 19 13000000 0 0 19 45000000 1 1.61601
0 19 13000000 0 0 19 46000000 1 1.87339
0 19 13000000 0 0 19 47000000 1 1.51493
0 19 13000000 0 0 19 48000000 1 1.89821
0 19 13000000 0 0 19 49000000 1 1.74197
0 19 13000000 0 0 19 50000000 1 2.09731
0 19 13000000 0 0 19 51000000 1 2.18880
0 19 13000000 0 0 19 52000000 1 1.07292
0 19 13000000 0 0 19 53000000 1 0.84105
0 19 13000000 0 0 19 54000000 1 1.32855
0 19 13000000 0 0 19 55000000 1 1.65600
0 19 13000000 0 0 19 56000000 1 1.32506
0 19 13000000 0 0 19 57000000 1 0.94285
0 19 13000000 0 0 19 58000000 1 1.01805
0 19 13000000 0 0 19 59000000 1 0.92199
0 19 14000000 0 0 19 14000000 1 1.06518
0 19 14000000 0 0 19 15000000 1 0.91584
0 19 14000000 0 0 19 16000000 1 1.24557
0 19 14000000 0 0 19 17000000 1 1.15508
0 19 14000000 0 0 19 18000000 1 0.94515
0 19 14000000 0 0 19 19000000 1 0.82715
0 19 14000000 0 0 19 20000000 1 0.29107
0 19 14000000 0 0 19 21000000 1 0.37433
0 19 14000000 0 0 19 22000000 1 0.27987
0 19 14000000 0 0 19 23000000 1 0.33673
0 19 14000000 0 0 19 24000000 1 0.31435
0 19 14000000 0 0 19 27000000 1 0.13324
0 19 14000000 0 0 19 28000000 1 0.24389
0 19 14000000 0 0 19 29000000 1 0.25356
0 19 14000000 0 0 19 30000000 1 0.55423
0 19 14000000 0 0 19 31000000 1 0.25513
0 19 14000000 0 0 19 32000000 1 0.35210
0 19 14000000 0 0 19 33000000 1 0.68860
0 19 14000000 0 0 19 34000000 1 0.78690
0 19 14000000 0 0 19 35000000 1 0.97572
0 19 14000000 0 0 19 36000000 1 1.00310
0 19 14000000 0 0 19 37000000 1 0.45590
0 19 14000000 0 0 19 38000000 1 0.82313
0 19 14000000 0 0 19 39000000 1 1.17638
0 19 14000000 0 0 19 40000000 1 1.20227
0 19 14000000 0 0 19 41000000 1 1.34606
0 19 14000000 0 0 19 42000000 1 1.42675
0 19 14000000 0 0 19 43000000 1 1.03070
0 19 14000000 0 0 19 44000000 1 1.04579
0 19 14000000 0 0 19 45000000 1 1.40668
0 19 14000000 0 0 19 46000000 1 1.65789
0 19 14000000 0 0 19 47000000 1 1.58651
0 19 14000000 0 0 19 48000000 1 1.63463
0 19 14000000 0 0 19 49000000 1 1.72989
0 19 14000000 0 0 19 50000000 1 1.89894
0 19 14000000 0 0 19 51000000 1 1.59872
0 19 14000000 0 0 19 52000000 1 0.85367
0 19 14000000 0 0 19 53000000 1 0.71603
0 19 14000000 0 0 19 54000000 1 0.96589
0 19 14000000 0 0 19 55000000 1 1.42291
0 19 14000000 0 0 19 56000000 1 0.98251
0 19 14000000 0 0 19 57000000 1 0.68306
0 19 14000000 0 0 19 58000000 1 0.89821
0 19 14000000 0 0 19 59000000 1 0.94727
0 19 15000000 0 0 19 15000000 1 1.09903
0 19 15000000 0 0 19 16000000 1 1.19390
0 19 15000000 0 0 19 17000000 1 0.92136
0 19 15000000 0 0 19 18000000 1 0.58731
0 19 15000000 0 0 19 19000000 1 0.60087
0 19 15000000 0 0 19 20000000 1 0.30792
0 19 15000000 0 0 19 21000000 1 0.35346
0 19 15000000 0 0 19 22000000 1 0.38471
0 19 15000000 0 0 19 23000000 1 0.38872
0 19 15000000 0 0 19 24000000 1 0.37496
0 19 15000000 0 0 19 27000000 1 0.15925
0 19 15000000 0 0 19 28000000 1 0.37415
0 19 15000000 0 0 19 29000000 1 0.45499
0 19 15000000 0 0 19 30000000 1 0.71703
0 19 15000000 0 0 19 31000000 1 0.47797
0 19 15000000 0 0 19 32000000 1 0.54008
0 19 15000000 0 0 19 33000000 1 0.94810
0 19 15000000 0 0 19 34000000 1 1.14157
0 19 15000000 0 0 19 35000000 1 0.89920
0 19 15000000 0 0 19 36000000 1 0.75779
0 19 15000000 0 0 19 37000000 1 0.38727
0 19 15000000 0 0 19 38000000 1 0.72135
0 19 15000000 0 0 19 39000000 1 0.96489
0 19 15000000 0 0 19 40000000 1 1.03664
0 19 15000000 0 0 19 41000000 1 1.57231
0 19 15000000 0 0 19 42000000 1 1.52110
0 19 15000000 0 0 19 43000000 1 1.78259
0 19 15000000 0 0 19 44000000 1 0.86870
0 19 15000000 0 0 19 45000000 1 1.16117
0 19 15000000 0 0 19 46000000 1 1.72254
0 19 15000000 0 0 19 47000000 1 1.21272
0 19 15000000 0 0 19 48000000 1 1.78664
0 19 15000000 0 0 19 49000000 1 1.26628
0 19 15000000 0 0 19 50000000 1 1.65924
0 19 15000000 0 0 19 51000000 1 2.11124
0 19 15000000 0 0 19 52000000 1 0.76257
0 19 15000000 0 0 19 53000000 1 0.53566
0 19 15000000 0 0 19 54000000 1 1.04401
0 19 15000000 0 0 19 55000000 1 1.41103
0 19 15000000 0 0 19 56000000 1 1.09439
0 19 15000000 0 0 19 57000000 1 0.67684
0 19 15000000 0 0 19 58000000 1 0.60806
0 19 15000000 0 0 19 59000000 1 0.57570
0 19 16000000 0 0 19 16000000 1 1.07452
0 19 16000000 0 0 19 17000000 1 1.14256
0 19 16000000 0 0 19 18000000 1 0.64807
0 19 16000000 0 0 19 19000000 1 0.56716
0 19 16000000 0 0 19 20000000 1 0.20370
0 19 16000000 0 0 19 21000000 1 0.26940
0 19 16000000 0 0 19 22000000 1 0.21885
0 19 16000000 0 0 19 23000000 1 0.26087
0 19 16000000 0 0 19 24000000 1 0.24451
0 19 16000000 0 0 19 27000000 1 0.09833
0 19 16000000 0 0 19 28000000 1 0.19764
0 19 16000000 0 0 19 29000000 1 0.21883
0 19 16000000 0 0 19 30000000 1 0.45833
0 19 16000000 0 0 19 31000000 1 0.20878
0 19 16000000 0 0 19 32000000 1 0.27879
0 19 16000000 0 0 19 33000000 1 0.63582
0 19 16000000 0 0 19 34000000 1 0.72876
0 19 16000000 0 0 19 35000000 1 0.85056
0 19 16000000 0 0 19 36000000 1 0.85508
0 19 16000000 0 0 19 37000000 1 0.35817
0 19 16000000 0 0 19 38000000 1 0.68735
0 19 16000000 0 0 19 39000000 1 1.09389
0 19 16000000 0 0 19 40000000 1 1.12621
0 19 16000000 0 0 19 41000000 1 1.34697
0 19 16000000 0 0 19 42000000 1 1.34262
0 19 16000000 0 0 19 43000000 1 0.91465
0 19 16000000 0 0 19 44000000 1 0.82341
0 19 16000000 0 0 19 45000000 1 1.22067
0 19 16000000 0 0 19 46000000 1 1.54042
0 19 16000000 0 0 19 47000000 1 1.39192
0 19 16000000 0 0 19 48000000 1 1.54611
0 19 16000000 0 0 19 49000000 1 1.48955
0 19 16000000 0 0 19 50000000 1 1.60608
0 19 16000000 0 0 19 51000000 1 1.46198
0 19 16000000 0 0 19 52000000 1 0.67408
0 19 16000000 0 0 19 53000000 1 0.54346
0 19 16000000 0 0 19 54000000 1 0.78550
0 19 16000000 0 0 19 55000000 1 1.20477
0 19 16000000 0 0 19 56000000 1 0.76470
0 19 16000000 0 0 19 57000000 1 0.57120
0 19 16000000 0 0 19 58000000 1 0.66682
0 19 16000000 0 0 19 59000000 1 0.75196
0 19 17000000 0 0 19 17000000 1 1.12995
0 19 17000000 0 0 19 18000000 1 0.89666
0 19 17000000 0 0 19 19000000 1 0.50368
0 19 17000000 0 0 19 20000000 1 0.16346
0 19 17000000 0 0 19 21000000 1 0.22067
0 19 17000000 0 0 19 22000000 1 0.17195
0 19 17000000 0 0 19 23000000 1 0.22259
0 19 17000000 0 0 19 24000000 1 0.19972
0 19 17000000 0 0 19 27000000 1 0.07835
0 19 17000000 0 0 19 28000000 1 0.15085
0 19 17000000 0 0 19 29000000 1 0.15602
0 19 17000000 0 0 19 30000000 1 0.37552
0 19 17000000 0 0 19 31000000 1 0.14973
0 19 17000000 0 0 19 32000000 1 0.22725
0 19 17000000 0 0 19 33000000 1 0.51455
0 19 17000000 0 0 19 34000000 1 0.58044
0 19 17000000 0 0 19 35000000 1 0.91966
0 19 17000000 0 0 19 36000000 1 1.11792
0 19 17000000 0 0 19 37000000 1 0.37818
0 19 17000000 0 0 19 38000000 1 0.72405
0 19 17000000 0 0 19 39000000 1 1.33028
0 19 17000000 0 0 19 40000000 1 1.33348
0 19 17000000 0 0 19 41000000 1 1.34544
0 19 17000000 0 0 19 42000000 1 1.28537
0 19 17000000 0 0 19 43000000 1 0.63477
0 19 17000000 0 0 19 44000000 1 0.75545
0 19 17000000 0 0 19 45000000 1 1.39020
0 19 17000000 0 0 19 46000000 1 1.69137
0 19 17000000 0 0 19 47000000 1 1.58868
0 19 17000000 0 0 19 48000000 1 1.55063
0 19 17000000 0 0 19 49000000 1 2.01158
0 19 17000000 0 0 19 50000000 1 1.86308
0 19 17000000 0 0 19 51000000 1 1.34483
0 19 17000000 0 0 19 52000000 1 0.68961
0 19 17000000 0 0 19 53000000 1 0.56279
0 19 17000000 0 0 19 54000000 1 0.77940
0 19 17000000 0 0 19 55000000 1 1.30404
0 19 17000000 0 0 19 56000000 1 0.72791
0 19 17000000 0 0 19 57000000 1 0.50596
0 19 17000000 0 0 19 58000000 1 0.79376
0 19 17000000 0 0 19 59000000 1 0.95301
0 19 18000000 0 0 19 18000000 1 1.18675
0 19 18000000 0 0 19 19000000 1 0.85094
0 19 18000000 0 0 19 20000000 1 0.13769
0 19 18000000 0 0 19 21000000 1 0.23110
0 19 18000000 0 0 19 22000000 1 0.16857
0 19 18000000 0 0 19 23000000 1 0.24828
0 19 18000000 0 0 19 24000000 1 0.21758
0 19 18000000 0 0 19 27000000 1 0.07464
0 19 18000000 0 0 19 28000000 1 0.15637
0 19 18000000 0 0 19 29000000 1 0.16741
0 19 18000000 0 0 19 30000000 1 0.46917
0 19 18000000 0 0 19 31000000 1 0.15112
0 19 18000000 0 0 19 32000000 1 0.23315
0 19 18000000 0 0 19 33000000 1 0.67736
0 19 18000000 0 0 19 34000000 1 0.75649
0 19 18000000 0 0 19 35000000 1 1.25099
0 19 18000000 0 0 19 36000000 1 1.62638
0 19 18000000 0 0 19 37000000 1 0.45772
0 19 18000000 0 0 19 38000000 1 0.98347
0 19 18000000 0 0 19 39000000 1 1.75287
0 19 18000000 0 0 19 40000000 1 1.44492
0 19 18000000 0 0 19 41000000 1 1.33972
0 19 18000000 0 0 19 42000000 1 1.49684
0 19 18000000 0 0 19 43000000 1 0.57351
0 19 18000000 0 0 19 44000000 1 0.87238
0 19 18000000 0 0 19 45000000 1 1.67149
0 19 18000000 0 0 19 46000000 1 1.77296
0 19 18000000 0 0 19 47000000 1 1.62556
0 19 18000000 0 0 19 48000000 1 1.38996
0 19 18000000 0 0 19 49000000 1 2.08735
0 19 18000000 0 0 19 50000000 1 2.12068
0 19 18000000 0 0 19 51000000 1 1.47368
0 19 18000000 0 0 19 52000000 1 0.78044
0 19 18000000 0 0 19 53000000 1 0.71935
0 19 18000000 0 0 19 54000000 1 0.97964
0 19 18000000 0 0 19 55000000 1 1.81355
0 19 18000000 0 0 19 56000000 1 0.95332
0 19 18000000 0 0 19 57000000 1 0.66442
0 19 18000000 0 0 19 58000000 1 1.14646
0 19 18000000 0 0 19 59000000 1 1.50228
0 19 19000000 0 0 19 19000000 1 0.97347
0 19 19000000 0 0 19 20000000 1 0.76460
0 19 19000000 0 0 19 21000000 1 1.32013
0 19 19000000 0 0 19 22000000 1 0.90605
0 19 19000000 0 0 19 23000000 1 1.25206
0 19 19000000 0 0 19 24000000 1 1.01415
0 19 19000000 0 0 19 27000000 1 0.28334
0 19 19000000 0 0 19 28000000 1 0.61695
0 19 19000000 0 0 19 29000000 1 0.59490
0 19 19000000 0 0 19 30000000 1 1.11788
0 19 19000000 0 0 19 31000000 1 0.49251
0 19 19000000 0 0 19 32000000 1 0.72656
0 19 19000000 0 0 19 33000000 1 1.29135
0 19 19000000 0 0 19 34000000 1 1.26415
0 19 19000000 0 0 19 35000000 1 2.04136
0 19 19000000 0 0 19 36000000 1 2.51248
0 19 19000000 0 0 19 37000000 1 1.83340
0 19 19000000 0 0 19 38000000 1 1.69526
0 19 19000000 0 0 19 39000000 1 1.58939
0 19 19000000 0 0 19 40000000 1 1.24113
0 19 19000000 0 0 19 41000000 1 1.12179
0 19 19000000 0 0 19 42000000 1 1.39513
0 19 19000000 0 0 19 43000000 1 0.94915
0 19 19000000 0 0 19 44000000 1 1.72830
0 19 19000000 0 0 19 45000000 1 1.79937
0 19 19000000 0 0 19 46000000 1 1.20724
0 19 19000000 0 0 19 47000000 1 1.06582
0 19 19000000 0 0 19 48000000 1 1.05554
0 19 19000000 0 0 19 49000000 1 1.31880
0 19 19000000 0 0 19 50000000 1 1.60349
0 19 19000000 0 0 19 51000000 1 1.75978
0 19 19000000 0 0 19 52000000 1 2.12047
0 19 19000000 0 0 19 53000000 1 2.17824
0 19 19000000 0 0 19 54000000 1 2.01240
0 19 19000000 0 0 19 55000000 1 2.62722
0 19 19000000 0 0 19 56000000 1 2.23444
0 19 19000000 0 0 19 57000000 1 1.94466
0 19 19000000 0 0 19 58000000 1 3.10368
0 19 19000000 0 0 19 59000000 1 2.26720
0 19 20000000 0 0 19 20000000 1 0.85437
0 19 20000000 0 0 19 21000000 1 1.50178
0 19 20000000 0 0 19 22000000 1 2.63944
0 19 20000000 0 0 19 23000000 1 2.50178
0 19 20000000 0 0 19 24000000 1 2.16829
0 19 20000000 0 0 19 27000000 1 1.33464
0 19 20000000 0 0 19 28000000 1 1.75136
0 19 20000000 0 0 19 29000000 1 1.64675
0 19 20000000 0 0 19 30000000 1 0.89263
0 19 20000000 0 0 19 31000000 1 1.56745
0 19 20000000 0 0 19 32000000 1 1.64970
0 19 20000000 0 0 19 33000000 1 0.65843
0 19 20000000 0 0 19 34000000 1 0.68333
0 19 20000000 0 0 19 35000000 1 1.24423
0 19 20000000 0 0 19 36000000 1 1.00616
0 19 20000000 0 0 19 37000000 1 2.85483
0 19 20000000 0 0 19 38000000 1 1.18073
0 19 20000000 0 0 19 39000000 1 0.25447
0 19 20000000 0 0 19 40000000 1 0.29501
0 19 20000000 0 0 19 41000000 1 0.27600
0 19 20000000 0 0 19 42000000 1 0.25481
0 19 20000000 0 0 19 43000000 1 0.92386
0 19 20000000 0 0 19 44000000 1 1.48571
0 19 20000000 0 0 19 45000000 1 0.55342
0 19 20000000 0 0 19 46000000 1 0.23541
0 19 20000000 0 0 19 47000000 1 0.18503
0 19 20000000 0 0 19 48000000 1 0.30120
0 19 20000000 0 0 19 49000000 1 0.22285
0 19 20000000 0 0 19 50000000 1 0.37400
0 19 20000000 0 0 19 51000000 1 0.61086
0 19 20000000 0 0 19 52000000 1 2.58805
0 19 20000000 0 0 19 53000000 1 3.04182
0 19 20000000 0 0 19 54000000 1 2.72027
0 19 20000000 0 0 19 55000000 1 1.17686
0 19 20000000 0 0 19 56000000 1 2.77904
0 19 20000000 0 0 19 57000000 1 3.94335
0 19 20000000 0 0 19 58000000 1 2.87456
0 19 20000000 0 0 19 59000000 1 0.55759
0 19 21000000 0 0 19 21000000 1 0.83830
0 19 21000000 0 0 19 22000000 1 1.08009
0 19 21000000 0 0 19 23000000 1 1.74131
0 19 21000000 0 0 19 24000000 1 1.82915
0 19 21000000 0 0 19 27000000 1 1.00121
0 19 21000000 0 0 19 28000000 1 1.46090
0 19 21000000 0 0 19 29000000 1 1.35861
0 19 21000000 0 0 19 30000000 1 0.93020
0 19 21000000 0 0 19 31000000 1 1.25453
0 19 21000000 0 0 19 32000000 1 1.37791
0 19 21000000 0 0 19 33000000 1 0.72468
0 19 21000000 0 0 19 34000000 1 0.71569
0 19 21000000 0 0 19 35000000 1 1.26181
0 19 21000000 0 0 19 36000000 1 1.09629
0 19 21000000 0 0 19 37000000 1 2.80415
0 19 21000000 0 0 19 38000000 1 1.23258
0 19 21000000 0 0 19 39000000 1 0.30017
0 19 21000000 0 0 19 40000000 1 0.37885
0 19 21000000 0 0 19 41000000 1 0.30125
0 19 21000000 0 0 19 42000000 1 0.33891
0 19 21000000 0 0 19 43000000 1 0.84707
0 19 21000000 0 0 19 44000000 1 1.63763
0 19 21000000 0 0 19 45000000 1 0.60828
0 19 21000000 0 0 19 46000000 1 0.26717
0 19 21000000 0 0 19 47000000 1 0.22205
0 19 21000000 0 0 19 48000000 1 0.34530
0 19 21000000 0 0 19 49000000 1 0.27905
0 19 21000000 0 0 19 50000000 1 0.46038
0 19 21000000 0 0 19 51000000 1 0.62600
0 19 21000000 0 0 19 52000000 1 2.48259
0 19 21000000 0 0 19 53000000 1 3.10226
0 19 21000000 0 0 19 54000000 1 2.42882
0 19 21000000 0 0 19 55000000 1 1.23290
0 19 21000000 0 0 19 56000000 1 2.50319
0 19 21000000 0 0 19 57000000 1 3.49545
0 19 21000000 0 0 19 58000000 1 2.95994
0 19 21000000 0 0 19 59000000 1 0.74697
0 19 22000000 0 0 19 22000000 1 0.84141
0 19 22000000 0 0 19 23000000 1 1.10402
0 19 22000000 0 0 19 24000000 1 2.07798
0 19 22000000 0 0 19 27000000 1 1.80123
0 19 22000000 0 0 19 28000000 1 2.12154
0 19 22000000 0 0 19 29000000 1 2.08861
0 19 22000000 0 0 19 30000000 1 0.79405
0 19 22000000 0 0 19 31000000 1 2.27832
0 19 22000000 0 0 19 32000000 1 2.23295
0 19 22000000 0 0 19 33000000 1 0.56095
0 19 22000000 0 0 19 34000000 1 0.67320
0 19 22000000 0 0 19 35000000 1 1.01218
0 19 22000000 0 0 19 36000000 1 0.71867
0 19 22000000 0 0 19 37000000 1 2.20953
0 19 22000000 0 0 19 38000000 1 0.92426
0 19 22000000 0 0 19 39000000 1 0.16677
0 19 22000000 0 0 19 40000000 1 0.21014
0 19 22000000 0 0 19 41000000 1 0.23768
0 19 22000000 0 0 19 42000000 1 0.20032
0 19 22000000 0 0 19 43000000 1 0.96988
0 19 22000000 0 0 19 44000000 1 1.16610
0 19 22000000 0 0 19 45000000 1 0.41438
0 19 22000000 0 0 19 46000000 1 0.17985
0 19 22000000 0 0 19 47000000 1 0.12796
0 19 22000000 0 0 19 48000000 1 0.26434
0 19 22000000 0 0 19 49000000 1 0.14942
0 19 22000000 0 0 19 50000000 1 0.28144
0 19 22000000 0 0 19 51000000 1 0.50279
0 19 22000000 0 0 19 52000000 1 2.00879
0 19 22000000 0 0 19 53000000 1 2.43272
0 19 22000000 0 0 19 54000000 1 2.80659
0 19 22000000 0 0 19 55000000 1 0.98153
0 19 22000000 0 0 19 56000000 1 2.71589
0 19 22000000 0 0 19 57000000 1 4.47426
0 19 22000000 0 0 19 58000000 1 2.22754
0 19 22000000 0 0 19 59000000 1 0.31406
0 19 23000000 0 0 19 23000000 1 0.83206
0 19 23000000 0 0 19 24000000 1 1.48026
0 19 23000000 0 0 19 27000000 1 1.13377
0 19 23000000 0 0 19 28000000 1 1.51212
0 19 23000000 0 0 19 29000000 1 1.54476
0 19 23000000 0 0 19 30000000 1 0.88665
0 19 23000000 0 0 19 31000000 1 1.65422
0 19 23000000 0 0 19 32000000 1 1.74880
0 19 23000000 0 0 19 33000000 1 0.68681
0 19 23000000 0 0 19 34000000 1 0.74243
0 19 23000000 0 0 19 35000000 1 1.16803
0 19 23000000 0 0 19 36000000 1 0.95567
0 19 23000000 0 0 19 37000000 1 2.62163
0 19 23000000 0 0 19 38000000 1 1.15251
0 19 23000000 0 0 19 39000000 1 0.22673
0 19 23000000 0 0 19 40000000 1 0.28517
0 19 23000000 0 0 19 41000000 1 0.27069
0 19 23000000 0 0 19 42000000 1 0.28094
0 19 23000000 0 0 19 43000000 1 0.95461
0 19 23000000 0 0 19 44000000 1 1.54704
0 19 23000000 0 0 19 45000000 1 0.54775
0 19 23000000 0 0 19 46000000 1 0.22973
0 19 23000000 0 0 19 47000000 1 0.17867
0 19 23000000 0 0 19 48000000 1 0.30413
0 19 23000000 0 0 19 49000000 1 0.22213
0 19 23000000 0 0 19 50000000 1 0.37992
0 19 23000000 0 0 19 51000000 1 0.61327
0 19 23000000 0 0 19 52000000 1 2.41302
0 19 23000000 0 0 19 53000000 1 2.93621
0 19 23000000 0 0 19 54000000 1 2.61806
0 19 23000000 0 0 19 55000000 1 1.15334
0 19 23000000 0 0 19 56000000 1 2.74120
0 19 23000000 0 0 19 57000000 1 4.00985
0 19 23000000 0 0 19 58000000 1 2.99142
0 19 23000000 0 0 19 59000000 1 0.57485
0 19 24000000 0 0 19 24000000 1 1.08615
0 19 24000000 0 0 19 27000000 1 0.87919
0 19 24000000 0 0 19 28000000 1 1.13047
0 19 24000000 0 0 19 29000000 1 1.22809
0 19 24000000 0 0 19 30000000 1 0.80101
0 19 24000000 0 0 19 31000000 1 1.42797
0 19 24000000 0 0 19 32000000 1 1.52908
0 19 24000000 0 0 19 33000000 1 0.66930
0 19 24000000 0 0 19 34000000 1 0.69996
0 19 24000000 0 0 19 35000000 1 0.99971
0 19 24000000 0 0 19 36000000 1 0.76755
0 19 24000000 0 0 19 37000000 1 1.96748
0 19 24000000 0 0 19 38000000 1 0.94386
0 19 24000000 0 0 19 39000000 1 0.18577
0 19 24000000 0 0 19 40000000 1 0.25043
0 19 24000000 0 0 19 41000000 1 0.24692
0 19 24000000 0 0 19 42000000 1 0.24495
0 19 24000000 0 0 19 43000000 1 0.96411
0 19 24000000 0 0 19 44000000 1 1.29993
0 19 24000000 0 0 19 45000000 1 0.47548
0 19 24000000 0 0 19 46000000 1 0.19397
0 19 24000000 0 0 19 47000000 1 0.15656
0 19 24000000 0 0 19 48000000 1 0.30536
0 19 24000000 0 0 19 49000000 1 0.18974
0 19 24000000 0 0 19 50000000 1 0.33523
0 19 24000000 0 0 19 51000000 1 0.55164
0 19 24000000 0 0 19 52000000 1 1.90903
0 19 24000000 0 0 19 53000000 1 2.33415
0 19 24000000 0 0 19 54000000 1 2.14814
0 19 24000000 0 0 19 55000000 1 1.03842
0 19 24000000 0 0 19 56000000 1 2.23698
0 19 24000000 0 0 19 57000000 1 3.21277
0 19 24000000 0 0 19 58000000 1 2.28642
0 19 24000000 0 0 19 59000000 1 0.49151
0 19 27000000 0 0 19 27000000 1 1.35400
0 19 27000000 0 0 19 28000000 1 1.03176
0 19 27000000 0 0 19 29000000 1 1.53080
0 19 27000000 0 0 19 30000000 1 0.64697
0 19 27000000 0 0 19 31000000 1 1.75340
0 19 27000000 0 0 19 32000000 1 1.77194
0 19 27000000 0 0 19 33000000 1 0.47790
0 19 27000000 0 0 19 34000000 1 0.56201
0 19 27000000 0 0 19 35000000 1 0.63239
0 19 27000000 0 0 19 36000000 1 0.49374
0 19 27000000 0 0 19 37000000 1 1.27024
0 19 27000000 0 0 19 38000000 1 0.66006
0 19 27000000 0 0 19 39000000 1 0.14461
0 19 27000000 0 0 19 40000000 1 0.18627
0 19 27000000 0 0 19 41000000 1 0.20316
0 19 27000000 0 0 19 42000000 1 0.16370
0 19 27000000 0 0 19 43000000 1 0.83701
0 19 27000000 0 0 19 44000000 1 0.74884
0 19 27000000 0 0 19 45000000 1 0.30931
0 19 27000000 0 0 19 46000000 1 0.14378
0 19 27000000 0 0 19 47000000 1 0.09293
0 19 27000000 0 0 19 48000000 1 0.25183
0 19 27000000 0 0 19 49000000 1 0.12082
0 19 27000000 0 0 19 50000000 1 0.23483
0 19 27000000 0 0 19 51000000 1 0.46900
0 19 27000000 0 0 19 52000000 1 1.33326
0 19 27000000 0 0 19 53000000 1 1.51777
0 19 27000000 0 0 19 54000000 1 2.03156
0 19 27000000 0 0 19 55000000 1 0.70283
0 19 27000000 0 0 19 56000000 1 1.86589
0 19 27000000 0 0 19 57000000 1 2.93378
0 19 27000000 0 0 19 58000000 1 1.29614
0 19 27000000 0 0 19 59000000 1 0.16354
0 19 28000000 0 0 19 28000000 1 0.91566
0 19 28000000 0 0 19 29000000 1 1.21221
0 19 28000000 0 0 19 30000000 1 1.04618
0 19 28000000 0 0 19 31000000 1 2.26095
0 19 28000000 0 0 19 32000000 1 2.52059
0 19 28000000 0 0 19 33000000 1 1.05010
0 19 28000000 0 0 19 34000000 1 1.21910
0 19 28000000 0 0 19 35000000 1 1.21268
0 19 28000000 0 0 19 36000000 1 0.74699
0 19 28000000 0 0 19 37000000 1 1.63900
0 19 28000000 0 0 19 38000000 1 1.03324
0 19 28000000 0 0 19 39000000 1 0.28986
0 19 28000000 0 0 19 40000000 1 0.30975
0 19 28000000 0 0 19 41000000 1 0.41021
0 19 28000000 0 0 19 42000000 1 0.36377
0 19 28000000 0 0 19 43000000 1 1.61465
0 19 28000000 0 0 19 44000000 1 1.29261
0 19 28000000 0 0 19 45000000 1 0.61951
0 19 28000000 0 0 19 46000000 1 0.31289
0 19 28000000 0 0 19 47000000 1 0.21149
0 19 28000000 0 0 19 48000000 1 0.42945
0 19 28000000 0 0 19 49000000 1 0.20718
0 19 28000000 0 0 19 50000000 1 0.47799
0 19 28000000 0 0 19 51000000 1 1.01015
0 19 28000000 0 0 19 52000000 1 1.97382
0 19 28000000 0 0 19 53000000 1 2.13609
0 19 28000000 0 0 19 54000000 1 2.89283
0 19 28000000 0 0 19 55000000 1 1.37467
0 19 28000000 0 0 19 56000000 1 3.10275
0 19 28000000 0 0 19 57000000 1 4.02486
0 19 28000000 0 0 19 58000000 1 1.91188
0 19 28000000 0 0 19 59000000 1 0.43354
0 19 29000000 0 0 19 29000000 1 0.86216
0 19 29000000 0 0 19 30000000 1 0.80307
0 19 29000000 0 0 19 31000000 1 1.98536
0 19 29000000 0 0 19 32000000 1 2.53675
0 19 29000000 0 0 19 33000000 1 1.26322
0 19 29000000 0 0 19 34000000 1 1.51043
0 19 29000000 0 0 19 35000000 1 1.22312
0 19 29000000 0 0 19 36000000 1 0.66208
0 19 29000000 0 0 19 37000000 1 1.29481
0 19 29000000 0 0 19 38000000 1 0.98391
0 19 29000000 0 0 19 39000000 1 0.28804
0 19 29000000 0 0 19 40000000 1 0.31403
0 19 29000000 0 0 19 41000000 1 0.47667
0 19 29000000 0 0 19 42000000 1 0.43844
0 19 29000000 0 0 19 43000000 1 1.95754
0 19 29000000 0 0 19 44000000 1 1.16971
0 19 29000000 0 0 19 45000000 1 0.63990
0 19 29000000 0 0 19 46000000 1 0.35886
0 19 29000000 0 0 19 47000000 1 0.21087
0 19 29000000 0 0 19 48000000 1 0.46864
0 19 29000000 0 0 19 49000000 1 0.22420
0 19 29000000 0 0 19 50000000 1 0.49592
0 19 29000000 0 0 19 51000000 1 1.20965
0 19 29000000 0 0 19 52000000 1 1.70340
0 19 29000000 0 0 19 53000000 1 1.68821
0 19 29000000 0 0 19 54000000 1 2.71390
0 19 29000000 0 0 19 55000000 1 1.47811
0 19 29000000 0 0 19 56000000 1 3.16601
0 19 29000000 0 0 19 57000000 1 3.59497
0 19 29000000 0 0 19 58000000 1 1.60848
0 19 29000000 0 0 19 59000000 1 0.38929
0 19 30000000 0 0 19 30000000 1 0.96816
0 19 30000000 0 0 19 31000000 1 0.84208
0 19 30000000 0 0 19 32000000 1 1.74567
0 19 30000000 0 0 19 33000000 1 2.41969
0 19 30000000 0 0 19 34000000 1 2.25236
0 19 30000000 0 0 19 35000000 1 1.37971
0 19 30000000 0 0 19 36000000 1 0.87167
0 19 30000000 0 0 19 37000000 1 0.77741
0 19 30000000 0 0 19 38000000 1 1.20375
0 19 30000000 0 0 19 39000000 1 0.61199
0 19 30000000 0 0 19 40000000 1 0.55665
0 19 30000000 0 0 19 41000000 1 0.82594
0 19 30000000 0 0 19 42000000 1 0.99006
0 19 30000000 0 0 19 43000000 1 2.39744
0 19 30000000 0 0 19 44000000 1 1.32491
0 19 30000000 0 0 19 45000000 1 1.08192
0 19 30000000 0 0 19 46000000 1 0.69354
0 19 30000000 0 0 19 47000000 1 0.49442
0 19 30000000 0 0 19 48000000 1 0.77128
0 19 30000000 0 0 19 49000000 1 0.48054
0 19 30000000 0 0 19 50000000 1 0.88656
0 19 30000000 0 0 19 51000000 1 1.94721
0 19 30000000 0 0 19 52000000 1 1.36545
0 19 30000000 0 0 19 53000000 1 1.12429
0 19 30000000 0 0 19 54000000 1 1.90201
0 19 30000000 0 0 19 55000000 1 2.05649
0 19 30000000 0 0 19 56000000 1 2.69026
0 19 30000000 0 0 19 57000000 1 1.95331
0 19 30000000 0 0 19 58000000 1 1.35008
0 19 30000000 0 0 19 59000000 1 0.80224
0 19 31000000 0 0 19 31000000 1 0.84696
0 19 31000000 0 0 19 32000000 1 1.49931
0 19 31000000 0 0 19 33000000 1 1.10204
0 19 31000000 0 0 19 34000000 1 1.29916
0 19 31000000 0 0 19 35000000 1 0.91172
0 19 31000000 0 0 19 36000000 1 0.46113
0 19 31000000 0 0 19 37000000 1 0.96293
0 19 31000000 0 0 19 38000000 1 0.77935
0 19 31000000 0 0 19 39000000 1 0.25105
0 19 31000000 0 0 19 40000000 1 0.26912
0 19 31000000 0 0 19 41000000 1 0.43545
0 19 31000000 0 0 19 42000000 1 0.37051
0 19 31000000 0 0 19 43000000 1 1.89960
0 19 31000000 0 0 19 44000000 1 0.93928
0 19 31000000 0 0 19 45000000 1 0.54947
0 19 31000000 0 0 19 46000000 1 0.34214
0 19 31000000 0 0 19 47000000 1 0.20229
0 19 31000000 0 0 19 48000000 1 0.43443
0 19 31000000 0 0 19 49000000 1 0.20920
0 19 31000000 0 0 19 50000000 1 0.43492
0 19 31000000 0 0 19 51000000 1 1.07871
0 19 31000000 0 0 19 52000000 1 1.33131
0 19 31000000 0 0 19 53000000 1 1.28929
0 19 31000000 0 0 19 54000000 1 2.25777
0 19 31000000 0 0 19 55000000 1 1.14653
0 19 31000000 0 0 19 56000000 1 2.61064
0 19 31000000 0 0 19 57000000 1 3.07423
0 19 31000000 0 0 19 58000000 1 1.12374
0 19 31000000 0 0 19 59000000 1 0.24398
0 19 32000000 0 0 19 32000000 1 0.82768
0 19 32000000 0 0 19 33000000 1 0.74000
0 19 32000000 0 0 19 34000000 1 1.01143
0 19 32000000 0 0 19 35000000 1 0.82439
0 19 32000000 0 0 19 36000000 1 0.50555
0 19 32000000 0 0 19 37000000 1 0.90162
0 19 32000000 0 0 19 38000000 1 0.82922
0 19 32000000 0 0 19 39000000 1 0.31769
0 19 32000000 0 0 19 40000000 1 0.30889
0 19 32000000 0 0 19 41000000 1 0.50328
0 19 32000000 0 0 19 42000000 1 0.50187
0 19 32000000 0 0 19 43000000 1 1.83070
0 19 32000000 0 0 19 44000000 1 1.07033
0 19 32000000 0 0 19 45000000 1 0.68298
0 19 32000000 0 0 19 46000000 1 0.41791
0 19 32000000 0 0 19 47000000 1 0.27931
0 19 32000000 0 0 19 48000000 1 0.51975
0 19 32000000 0 0 19 49000000 1 0.26736
0 19 32000000 0 0 19 50000000 1 0.52345
0 19 32000000 0 0 19 51000000 1 1.20337
0 19 32000000 0 0 19 52000000 1 1.43434
0 19 32000000 0 0 19 53000000 1 1.36648
0 19 32000000 0 0 19 54000000 1 2.18949
0 19 32000000 0 0 19 55000000 1 1.32214
0 19 32000000 0 0 19 56000000 1 2.66261
0 19 32000000 0 0 19 57000000 1 2.98954
0 19 32000000 0 0 19 58000000 1 1.24330
0 19 32000000 0 0 19 59000000 1 0.41087
0 19 33000000 0 0 19 33000000 1 0.99177
0 19 33000000 0 0 19 34000000 1 1.27076
0 19 33000000 0 0 19 35000000 1 0.79903
0 19 33000000 0 0 19 36000000 1 0.59038
0 19 33000000 0 0 19 37000000 1 0.44447
0 19 33000000 0 0 19 38000000 1 0.98488
0 19 33000000 0 0 19 39000000 1 0.65952
0 19 33000000 0 0 19 40000000 1 0.58890
0 19 33000000 0 0 19 41000000 1 0.91075
0 19 33000000 0 0 19 42000000 1 1.18373
0 19 33000000 0 0 19 43000000 1 2.30901
0 19 33000000 0 0 19 44000000 1 1.11921
0 19 33000000 0 0 19 45000000 1 1.11445
0 19 33000000 0 0 19 46000000 1 0.83513
0 19 33000000 0 0 19 47000000 1 0.65224
0 19 33000000 0 0 19 48000000 1 0.90584
0 19 33000000 0 0 19 49000000 1 0.57678
0 19 33000000 0 0 19 50000000 1 0.92740
0 19 33000000 0 0 19 51000000 1 1.92569
0 19 33000000 0 0 19 52000000 1 1.04945
0 19 33000000 0 0 19 53000000 1 0.80113
0 19 33000000 0 0 19 54000000 1 1.39536
0 19 33000000 0 0 19 55000000 1 1.68310
0 19 33000000 0 0 19 56000000 1 1.98519
0 19 33000000 0 0 19 57000000 1 1.26083
0 19 33000000 0 0 19 58000000 1 1.02493
0 19 33000000 0 0 19 59000000 1 0.68714
0 19 34000000 0 0 19 34000000 1 0.99954
0 19 34000000 0 0 19 35000000 1 0.62110
0 19 34000000 0 0 19 36000000 1 0.50364
0 19 34000000 0 0 19 37000000 1 0.40980
0 19 34000000 0 0 19 38000000 1 0.92818
0 19 34000000 0 0 19 39000000 1 0.63641
0 19 34000000 0 0 19 40000000 1 0.59420
0 19 34000000 0 0 19 41000000 1 1.01902
0 19 34000000 0 0 19 42000000 1 1.20570
0 19 34000000 0 0 19 43000000 1 2.55443
0 19 34000000 0 0 19 44000000 1 1.22009
0 19 34000000 0 0 19 45000000 1 1.20251
0 19 34000000 0 0 19 46000000 1 0.91210
0 19 34000000 0 0 19 47000000 1 0.70535
0 19 34000000 0 0 19 48000000 1 1.00336
0 19 34000000 0 0 19 49000000 1 0.61459
0 19 34000000 0 0 19 50000000 1 1.05299
0 19 34000000 0 0 19 51000000 1 2.19133
0 19 34000000 0 0 19 52000000 1 1.12744
0 19 34000000 0 0 19 53000000 1 0.81467
0 19 34000000 0 0 19 54000000 1 1.57246
0 19 34000000 0 0 19 55000000 1 1.80454
0 19 34000000 0 0 19 56000000 1 2.05374
0 19 34000000 0 0 19 57000000 1 1.40000
0 19 34000000 0 0 19 58000000 1 1.02890
0 19 34000000 0 0 19 59000000 1 0.71771
0 19 35000000 0 0 19 35000000 1 0.97541
0 19 35000000 0 0 19 36000000 1 0.93242
0 19 35000000 0 0 19 37000000 1 0.72010
0 19 35000000 0 0 19 38000000 1 1.09974
0 19 35000000 0 0 19 39000000 1 0.85019
0 19 35000000 0 0 19 40000000 1 0.77695
0 19 35000000 0 0 19 41000000 1 0.87262
0 19 35000000 0 0 19 42000000 1 1.12856
0 19 35000000 0 0 19 43000000 1 1.51362
0 19 35000000 0 0 19 44000000 1 1.74566
0 19 35000000 0 0 19 45000000 1 1.41245
0 19 35000000 0 0 19 46000000 1 0.91888
0 19 35000000 0 0 19 47000000 1 0.76798
0 19 35000000 0 0 19 48000000 1 0.93289
0 19 35000000 0 0 19 49000000 1 0.92798
0 19 35000000 0 0 19 50000000 1 1.37899
0 19 35000000 0 0 19 51000000 1 1.88796
0 19 35000000 0 0 19 52000000 1 1.85811
0 19 35000000 0 0 19 53000000 1 1.77983
0 19 35000000 0 0 19 54000000 1 2.19937
0 19 35000000 0 0 19 55000000 1 2.24175
0 19 35000000 0 0 19 56000000 1 2.46242
0 19 35000000 0 0 19 57000000 1 2.08833
0 19 35000000 0 0 19 58000000 1 2.03547
0 19 35000000 0 0 19 59000000 1 1.22004
0 19 36000000 0 0 19 36000000 1 0.93279
0 19 36000000 0 0 19 37000000 1 0.94695
0 19 36000000 0 0 19 38000000 1 1.25477
0 19 36000000 0 0 19 39000000 1 1.02722
0 19 36000000 0 0 19 40000000 1 0.86771
0 19 36000000 0 0 19 41000000 1 0.85447
0 19 36000000 0 0 19 42000000 1 1.16332
0 19 36000000 0 0 19 43000000 1 0.92459
0 19 36000000 0 0 19 44000000 1 1.61379
0 19 36000000 0 0 19 45000000 1 1.50378
0 19 36000000 0 0 19 46000000 1 1.03461
0 19 36000000 0 0 19 47000000 1 0.87566
0 19 36000000 0 0 19 48000000 1 0.97582
0 19 36000000 0 0 19 49000000 1 1.14548
0 19 36000000 0 0 19 50000000 1 1.55042
0 19 36000000 0 0 19 51000000 1 1.64552
0 19 36000000 0 0 19 52000000 1 1.90890
0 19 36000000 0 0 19 53000000 1 1.83705
0 19 36000000 0 0 19 54000000 1 2.04722
0 19 36000000 0 0 19 55000000 1 2.23765
0 19 36000000 0 0 19 56000000 1 2.06983
0 19 36000000 0 0 19 57000000 1 1.86706
0 19 36000000 0 0 19 58000000 1 2.33855
0 19 36000000 0 0 19 59000000 1 1.59119
0 19 37000000 0 0 19 37000000 1 0.97141
0 19 37000000 0 0 19 38000000 1 0.92348
0 19 37000000 0 0 19 39000000 1 0.29009
0 19 37000000 0 0 19 40000000 1 0.43580
0 19 37000000 0 0 19 41000000 1 0.36075
0 19 37000000 0 0 19 42000000 1 0.38381
0 19 37000000 0 0 19 43000000 1 0.79184
0 19 37000000 0 0 19 44000000 1 2.25976
0 19 37000000 0 0 19 45000000 1 0.82097
0 19 37000000 0 0 19 46000000 1 0.40833
0 19 37000000 0 0 19 47000000 1 0.35726
0 19 37000000 0 0 19 48000000 1 0.46285
0 19 37000000 0 0 19 49000000 1 0.44298
0 19 37000000 0 0 19 50000000 1 0.61538
0 19 37000000 0 0 19 51000000 1 0.78475
0 19 37000000 0 0 19 52000000 1 3.73910
0 19 37000000 0 0 19 53000000 1 3.94492
0 19 37000000 0 0 19 54000000 1 2.78597
0 19 37000000 0 0 19 55000000 1 1.16841
0 19 37000000 0 0 19 56000000 1 2.45009
0 19 37000000 0 0 19 57000000 1 3.73371
0 19 37000000 0 0 19 58000000 1 4.32148
0 19 37000000 0 0 19 59000000 1 0.95170
0 19 38000000 0 0 19 38000000 1 0.93388
0 19 38000000 0 0 19 39000000 1 0.93882
0 19 38000000 0 0 19 40000000 1 0.71051
0 19 38000000 0 0 19 41000000 1 0.77923
0 19 38000000 0 0 19 42000000 1 1.00205
0 19 38000000 0 0 19 43000000 1 1.36859
0 19 38000000 0 0 19 44000000 1 1.60919
0 19 38000000 0 0 19 45000000 1 1.27599
0 19 38000000 0 0 19 46000000 1 0.82638
0 19 38000000 0 0 19 47000000 1 0.71035
0 19 38000000 0 0 19 48000000 1 0.85905
0 19 38000000 0 0 19 49000000 1 0.79979
0 19 38000000 0 0 19 50000000 1 1.06100
0 19 38000000 0 0 19 51000000 1 1.83785
0 19 38000000 0 0 19 52000000 1 2.09743
0 19 38000000 0 0 19 53000000 1 1.82636
0 19 38000000 0 0 19 54000000 1 1.79476
0 19 38000000 0 0 19 55000000 1 1.52557
0 19 38000000 0 0 19 56000000 1 1.75716
0 19 38000000 0 0 19 57000000 1 1.90494
0 19 38000000 0 0 19 58000000 1 1.96587
0 19 38000000 0 0 19 59000000 1 0.95833
0 19 39000000 0 0 19 39000000 1 1.09660
0 19 39000000 0 0 19 40000000 1 0.99592
0 19 39000000 0 0 19 41000000 1 0.89344
0 19 39000000 0 0 19 42000000 1 1.22576
0 19 39000000 0 0 19 43000000 1 0.74134
0 19 39000000 0 0 19 44000000 1 0.76271
0 19 39000000 0 0 19 45000000 1 1.17597
0 19 39000000 0 0 19 46000000 1 1.15905
0 19 39000000 0 0 19 47000000 1 1.05863
0 19 39000000 0 0 19 48000000 1 1.07101
0 19 39000000 0 0 19 49000000 1 1.25842
0 19 39000000 0 0 19 50000000 1 1.52714
0 19 39000000 0 0 19 51000000 1 1.60381
0 19 39000000 0 0 19 52000000 1 0.74140
0 19 39000000 0 0 19 53000000 1 0.56218
0 19 39000000 0 0 19 54000000 1 0.83881
0 19 39000000 0 0 19 55000000 1 1.32117
0 19 39000000 0 0 19 56000000 1 0.78757
0 19 39000000 0 0 19 57000000 1 0.53414
0 19 39000000 0 0 19 58000000 1 0.79413
0 19 39000000 0 0 19 59000000 1 0.95984
0 19 40000000 0 0 19 40000000 1 1.10072
0 19 40000000 0 0 19 41000000 1 1.01554
0 19 40000000 0 0 19 42000000 1 0.93132
0 19 40000000 0 0 19 43000000 1 0.65160
0 19 40000000 0 0 19 44000000 1 0.84723
0 19 40000000 0 0 19 45000000 1 1.00508
0 19 40000000 0 0 19 46000000 1 1.07022
0 19 40000000 0 0 19 47000000 1 0.98900
0 19 40000000 0 0 19 48000000 1 1.04351
0 19 40000000 0 0 19 49000000 1 1.19798
0 19 40000000 0 0 19 50000000 1 1.36478
0 19 40000000 0 0 19 51000000 1 1.31916
0 19 40000000 0 0 19 52000000 1 0.82952
0 19 40000000 0 0 19 53000000 1 0.68283
0 19 40000000 0 0 19 54000000 1 0.77087
0 19 40000000 0 0 19 55000000 1 1.10266
0 19 40000000 0 0 19 56000000 1 0.74687
0 19 40000000 0 0 19 57000000 1 0.59684
0 19 40000000 0 0 19 58000000 1 0.84228
0 19 40000000 0 0 19 59000000 1 0.77478
0 19 41000000 0 0 19 41000000 1 1.03510
0 19 41000000 0 0 19 42000000 1 1.02963
0 19 41000000 0 0 19 43000000 1 0.92031
0 19 41000000 0 0 19 44000000 1 0.74163
0 19 41000000 0 0 19 45000000 1 1.06848
0 19 41000000 0 0 19 46000000 1 1.25021
0 19 41000000 0 0 19 47000000 1 1.05534
0 19 41000000 0 0 19 48000000 1 1.28016
0 19 41000000 0 0 19 49000000 1 1.16664
0 19 41000000 0 0 19 50000000 1 1.48913
0 19 41000000 0 0 19 51000000 1 1.79089
0 19 41000000 0 0 19 52000000 1 0.74680
0 19 41000000 0 0 19 53000000 1 0.52920
0 19 41000000 0 0 19 54000000 1 0.89693
0 19 41000000 0 0 19 55000000 1 1.23776
0 19 41000000 0 0 19 56000000 1 0.90913
0 19 41000000 0 0 19 57000000 1 0.59131
0 19 41000000 0 0 19 58000000 1 0.63827
0 19 41000000 0 0 19 59000000 1 0.65426
0 19 42000000 0 0 19 42000000 1 1.00775
0 19 42000000 0 0 19 43000000 1 0.88527
0 19 42000000 0 0 19 44000000 1 0.66830
0 19 42000000 0 0 19 45000000 1 1.14178
0 19 42000000 0 0 19 46000000 1 1.20964
0 19 42000000 0 0 19 47000000 1 1.04094
0 19 42000000 0 0 19 48000000 1 1.24242
0 19 42000000 0 0 19 49000000 1 1.20912
0 19 42000000 0 0 19 50000000 1 1.61302
0 19 42000000 0 0 19 51000000 1 1.99756
0 19 42000000 0 0 19 52000000 1 0.76528
0 19 42000000 0 0 19 53000000 1 0.52468
0 19 42000000 0 0 19 54000000 1 0.97660
0 19 42000000 0 0 19 55000000 1 1.53668
0 19 42000000 0 0 19 56000000 1 1.00914
0 19 42000000 0 0 19 57000000 1 0.58614
0 19 42000000 0 0 19 58000000 1 0.71695
0 19 42000000 0 0 19 59000000 1 0.80648
0 19 43000000 0 0 19 43000000 1 0.95899
0 19 43000000 0 0 19 44000000 1 0.88808
0 19 43000000 0 0 19 45000000 1 0.88841
0 19 43000000 0 0 19 46000000 1 0.74347
0 19 43000000 0 0 19 47000000 1 0.54230
0 19 43000000 0 0 19 48000000 1 1.01685
0 19 43000000 0 0 19 49000000 1 0.56667
0 19 43000000 0 0 19 50000000 1 1.08539
0 19 43000000 0 0 19 51000000 1 2.35944
0 19 43000000 0 0 19 52000000 1 1.28099
0 19 43000000 0 0 19 53000000 1 0.88576
0 19 43000000 0 0 19 54000000 1 1.72707
0 19 43000000 0 0 19 55000000 1 1.66965
0 19 43000000 0 0 19 56000000 1 2.06928
0 19 43000000 0 0 19 57000000 1 1.55595
0 19 43000000 0 0 19 58000000 1 0.87857
0 19 43000000 0 0 19 59000000 1 0.42582
0 19 44000000 0 0 19 44000000 1 0.99933
0 19 44000000 0 0 19 45000000 1 0.69657
0 19 44000000 0 0 19 46000000 1 0.45685
0 19 44000000 0 0 19 47000000 1 0.48140
0 19 44000000 0 0 19 48000000 1 0.73162
0 19 44000000 0 0 19 49000000 1 0.68192
0 19 44000000 0 0 19 50000000 1 1.05158
0 19 44000000 0 0 19 51000000 1 1.34672
0 19 44000000 0 0 19 52000000 1 2.07400
0 19 44000000 0 0 19 53000000 1 1.99759
0 19 44000000 0 0 19 54000000 1 1.81842
0 19 44000000 0 0 19 55000000 1 1.43855
0 19 44000000 0 0 19 56000000 1 1.90039
0 19 44000000 0 0 19 57000000 1 2.12592
0 19 44000000 0 0 19 58000000 1 2.34341
0 19 44000000 0 0 19 59000000 1 1.03019
0 19 45000000 0 0 19 45000000 1 1.06224
0 19 45000000 0 0 19 46000000 1 0.77779
0 19 45000000 0 0 19 47000000 1 0.70951
0 19 45000000 0 0 19 48000000 1 0.90282
0 19 45000000 0 0 19 49000000 1 1.01281
0 19 45000000 0 0 19 50000000 1 1.35681
0 19 45000000 0 0 19 51000000 1 1.54321
0 19 45000000 0 0 19 52000000 1 1.01890
0 19 45000000 0 0 19 53000000 1 0.78992
0 19 45000000 0 0 19 54000000 1 1.14275
0 19 45000000 0 0 19 55000000 1 1.41354
0 19 45000000 0 0 19 56000000 1 1.22373
0 19 45000000 0 0 19 57000000 1 0.89838
0 19 45000000 0 0 19 58000000 1 1.04862
0 19 45000000 0 0 19 59000000 1 0.90195
0 19 46000000 0 0 19 46000000 1 1.10818
0 19 46000000 0 0 19 47000000 1 0.95524
0 19 46000000 0 0 19 48000000 1 1.09533
0 19 46000000 0 0 19 49000000 1 1.07336
0 19 46000000 0 0 19 50000000 1 1.23918
0 19 46000000 0 0 19 51000000 1 1.26500
0 19 46000000 0 0 19 52000000 1 0.52933
0 19 46000000 0 0 19 53000000 1 0.40298
0 19 46000000 0 0 19 54000000 1 0.64632
0 19 46000000 0 0 19 55000000 1 1.01955
0 19 46000000 0 0 19 56000000 1 0.68350
0 19 46000000 0 0 19 57000000 1 0.46787
0 19 46000000 0 0 19 58000000 1 0.58626
0 19 46000000 0 0 19 59000000 1 0.64627
0 19 47000000 0 0 19 47000000 1 1.16675
0 19 47000000 0 0 19 48000000 1 1.07164
0 19 47000000 0 0 19 49000000 1 0.81598
0 19 47000000 0 0 19 50000000 1 0.85012
0 19 47000000 0 0 19 51000000 1 0.72960
0 19 47000000 0 0 19 52000000 1 0.37485
0 19 47000000 0 0 19 53000000 1 0.32213
0 19 47000000 0 0 19 54000000 1 0.45223
0 19 47000000 0 0 19 55000000 1 0.70776
0 19 47000000 0 0 19 56000000 1 0.48143
0 19 47000000 0 0 19 57000000 1 0.35014
0 19 47000000 0 0 19 58000000 1 0.48934
0 19 47000000 0 0 19 59000000 1 0.55243
0 19 48000000 0 0 19 48000000 1 1.07707
0 19 48000000 0 0 19 49000000 1 0.91048
0 19 48000000 0 0 19 50000000 1 0.80132
0 19 48000000 0 0 19 51000000 1 0.89059
0 19 48000000 0 0 19 52000000 1 0.46969
0 19 48000000 0 0 19 53000000 1 0.38467
0 19 48000000 0 0 19 54000000 1 0.63675
0 19 48000000 0 0 19 55000000 1 0.86358
0 19 48000000 0 0 19 56000000 1 0.73308
0 19 48000000 0 0 19 57000000 1 0.52350
0 19 48000000 0 0 19 58000000 1 0.55867
0 19 48000000 0 0 19 59000000 1 0.59545
0 19 49000000 0 0 19 49000000 1 1.16996
0 19 49000000 0 0 19 50000000 1 0.88069
0 19 49000000 0 0 19 51000000 1 0.54405
0 19 49000000 0 0 19 52000000 1 0.34721
0 19 49000000 0 0 19 53000000 1 0.33341
0 19 49000000 0 0 19 54000000 1 0.48072
0 19 49000000 0 0 19 55000000 1 0.79778
0 19 49000000 0 0 19 56000000 1 0.55013
0 19 49000000 0 0 19 57000000 1 0.39793
0 19 49000000 0 0 19 58000000 1 0.61458
0 19 49000000 0 0 19 59000000 1 0.72887
0 19 50000000 0 0 19 50000000 1 1.03573
0 19 50000000 0 0 19 51000000 1 0.98252
0 19 50000000 0 0 19 52000000 1 0.48969
0 19 50000000 0 0 19 53000000 1 0.42673
0 19 50000000 0 0 19 54000000 1 0.81255
0 19 50000000 0 0 19 55000000 1 1.22712
0 19 50000000 0 0 19 56000000 1 0.93698
0 19 50000000 0 0 19 57000000 1 0.62013
0 19 50000000 0 0 19 58000000 1 0.77029
0 19 50000000 0 0 19 59000000 1 0.85908
0 19 51000000 0 0 19 51000000 1 0.97893
0 19 51000000 0 0 19 52000000 1 0.77790
0 19 51000000 0 0 19 53000000 1 0.44792
0 19 51000000 0 0 19 54000000 1 1.11778
0 19 51000000 0 0 19 55000000 1 1.42920
0 19 51000000 0 0 19 56000000 1 1.31850
0 19 51000000 0 0 19 57000000 1 0.87749
0 19 51000000 0 0 19 58000000 1 0.84066
0 19 51000000 0 0 19 59000000 1 0.70343
0 19 52000000 0 0 19 52000000 1 0.85463
0 19 52000000 0 0 19 53000000 1 1.39794
0 19 52000000 0 0 19 54000000 1 1.57467
0 19 52000000 0 0 19 55000000 1 0.84288
0 19 52000000 0 0 19 56000000 1 1.41780
0 19 52000000 0 0 19 57000000 1 1.99250
0 19 52000000 0 0 19 58000000 1 2.39179
0 19 52000000 0 0 19 59000000 1 0.75744
0 19 53000000 0 0 19 53000000 1 0.90593
0 19 53000000 0 0 19 54000000 1 1.04295
0 19 53000000 0 0 19 55000000 1 0.54737
0 19 53000000 0 0 19 56000000 1 1.18559
0 19 53000000 0 0 19 57000000 1 1.92570
0 19 53000000 0 0 19 58000000 1 2.16915
0 19 53000000 0 0 19 59000000 1 0.70298
0 19 54000000 0 0 19 54000000 1 0.82546
0 19 54000000 0 0 19 55000000 1 0.80095
0 19 54000000 0 0 19 56000000 1 1.50511
0 19 54000000 0 0 19 57000000 1 1.83366
0 19 54000000 0 0 19 58000000 1 1.31170
0 19 54000000 0 0 19 59000000 1 0.66377
0 19 55000000 0 0 19 55000000 1 1.03295
0 19 55000000 0 0 19 56000000 1 1.01744
0 19 55000000 0 0 19 57000000 1 0.67520
0 19 55000000 0 0 19 58000000 1 0.79411
0 19 55000000 0 0 19 59000000 1 0.84513
0 19 56000000 0 0 19 56000000 1 0.86508
0 19 56000000 0 0 19 57000000 1 0.91537
0 19 56000000 0 0 19 58000000 1 1.15328
0 19 56000000 0 0 19 59000000 1 0.74725
0 19 57000000 0 0 19 57000000 1 0.85622
0 19 57000000 0 0 19 58000000 1 1.28343
0 19 57000000 0 0 19 59000000 1 0.88008
0 19 58000000 0 0 19 58000000 1 0.88595
0 19 58000000 0 0 19 59000000 1 1.25661
0 19 59000000 0 0 19 59000000 1 1.43729
