0 22 16000000 0 0 22 16000000 1 2.45902
0 22 16000000 0 0 22 17000000 1 0.63409
0 22 16000000 0 0 22 18000000 1 0.25687
0 22 16000000 0 0 22 19000000 1 0.22427
0 22 16000000 0 0 22 20000000 1 0.15264
0 22 16000000 0 0 22 21000000 1 0.16250
0 22 16000000 0 0 22 22000000 1 0.15964
0 22 16000000 0 0 22 23000000 1 0.24690
0 22 16000000 0 0 22 24000000 1 0.17899
0 22 16000000 0 0 22 25000000 1 0.59307
0 22 16000000 0 0 22 26000000 1 0.60760
0 22 16000000 0 0 22 27000000 1 1.38495
0 22 16000000 0 0 22 28000000 1 1.02114
0 22 16000000 0 0 22 29000000 1 0.32927
0 22 16000000 0 0 22 30000000 1 0.23140
0 22 16000000 0 0 22 31000000 1 0.27618
0 22 16000000 0 0 22 32000000 1 0.38266
0 22 16000000 0 0 22 33000000 1 1.15228
0 22 16000000 0 0 22 34000000 1 2.45813
0 22 16000000 0 0 22 35000000 1 1.05659
0 22 16000000 0 0 22 36000000 1 0.34138
0 22 16000000 0 0 22 37000000 1 0.18227
0 22 16000000 0 0 22 38000000 1 0.12784
0 22 16000000 0 0 22 39000000 1 0.15828
0 22 16000000 0 0 22 40000000 1 0.09866
0 22 16000000 0 0 22 41000000 1 0.12493
0 22 16000000 0 0 22 42000000 1 0.13161
0 22 16000000 0 0 22 43000000 1 0.30246
0 22 16000000 0 0 22 44000000 1 0.50978
0 22 16000000 0 0 22 45000000 1 0.59009
0 22 16000000 0 0 22 46000000 1 0.45458
0 22 16000000 0 0 22 47000000 1 2.42693
0 22 16000000 0 0 22 48000000 1 3.98841
0 22 16000000 0 0 22 49000000 1 5.55306
0 22 16000000 0 0 22 50000000 1 0.84240
0 22 16000000 0 0 22 51000000 1 0.47634
0 22 17000000 0 0 22 17000000 1 1.73295
0 22 17000000 0 0 22 18000000 1 1.53965
0 22 17000000 0 0 22 19000000 1 0.68175
0 22 17000000 0 0 22 20000000 1 0.56932
0 22 17000000 0 0 22 21000000 1 0.65660
0 22 17000000 0 0 22 22000000 1 0.63358
0 22 17000000 0 0 22 23000000 1 0.75226
0 22 17000000 0 0 22 24000000 1 1.10169
0 22 17000000 0 0 22 25000000 1 2.05581
0 22 17000000 0 0 22 26000000 1 2.28978
0 22 17000000 0 0 22 27000000 1 2.65048
0 22 17000000 0 0 22 28000000 1 2.64534
0 22 17000000 0 0 22 29000000 1 1.88184
0 22 17000000 0 0 22 30000000 1 1.30656
0 22 17000000 0 0 22 31000000 1 1.53619
0 22 17000000 0 0 22 32000000 1 2.62618
0 22 17000000 0 0 22 33000000 1 3.39242
0 22 17000000 0 0 22 34000000 1 2.84735
0 22 17000000 0 0 22 35000000 1 3.15517
0 22 17000000 0 0 22 36000000 1 1.98437
0 22 17000000 0 0 22 37000000 1 1.10508
0 22 17000000 0 0 22 38000000 1 0.69234
0 22 17000000 0 0 22 39000000 1 0.61285
0 22 17000000 0 0 22 40000000 1 0.59975
0 22 17000000 0 0 22 41000000 1 0.57171
0 22 17000000 0 0 22 42000000 1 0.70172
0 22 17000000 0 0 22 43000000 1 1.47590
0 22 17000000 0 0 22 44000000 1 2.19149
0 22 17000000 0 0 22 45000000 1 2.58286
0 22 17000000 0 0 22 46000000 1 3.08398
0 22 17000000 0 0 22 47000000 1 5.15141
0 22 17000000 0 0 22 48000000 1 4.68640
0 22 17000000 0 0 22 49000000 1 4.21583
0 22 17000000 0 0 22 50000000 1 3.54488
0 22 17000000 0 0 22 51000000 1 1.97391
0 22 18000000 0 0 22 18000000 1 1.67873
0 22 18000000 0 0 22 19000000 1 0.79944
0 22 18000000 0 0 22 20000000 1 0.75268
0 22 18000000 0 0 22 21000000 1 0.86438
0 22 18000000 0 0 22 22000000 1 0.87453
0 22 18000000 0 0 22 23000000 1 1.03031
0 22 18000000 0 0 22 24000000 1 1.63787
0 22 18000000 0 0 22 25000000 1 2.06461
0 22 18000000 0 0 22 26000000 1 2.12809
0 22 18000000 0 0 22 27000000 1 1.75712
0 22 18000000 0 0 22 28000000 1 1.84093
0 22 18000000 0 0 22 29000000 1 2.36362
0 22 18000000 0 0 22 30000000 1 1.86184
0 22 18000000 0 0 22 31000000 1 2.13963
0 22 18000000 0 0 22 32000000 1 2.68557
0 22 18000000 0 0 22 33000000 1 2.20241
0 22 18000000 0 0 22 34000000 1 1.44790
0 22 18000000 0 0 22 35000000 1 2.42638
0 22 18000000 0 0 22 36000000 1 2.36370
0 22 18000000 0 0 22 37000000 1 1.65198
0 22 18000000 0 0 22 38000000 1 1.11606
0 22 18000000 0 0 22 39000000 1 0.93078
0 22 18000000 0 0 22 40000000 1 0.91112
0 22 18000000 0 0 22 41000000 1 0.91831
0 22 18000000 0 0 22 42000000 1 1.18211
0 22 18000000 0 0 22 43000000 1 2.08201
0 22 18000000 0 0 22 44000000 1 2.34398
0 22 18000000 0 0 22 45000000 1 2.76736
0 22 18000000 0 0 22 46000000 1 3.56940
0 22 18000000 0 0 22 47000000 1 3.25873
0 22 18000000 0 0 22 48000000 1 1.83034
0 22 18000000 0 0 22 49000000 1 1.66911
0 22 18000000 0 0 22 50000000 1 3.46067
0 22 18000000 0 0 22 51000000 1 1.82305
0 22 19000000 0 0 22 19000000 1 1.52704
0 22 19000000 0 0 22 20000000 1 1.48006
0 22 19000000 0 0 22 21000000 1 1.44303
0 22 19000000 0 0 22 22000000 1 1.21255
0 22 19000000 0 0 22 23000000 1 1.53559
0 22 19000000 0 0 22 24000000 1 2.28736
0 22 19000000 0 0 22 25000000 1 2.53058
0 22 19000000 0 0 22 26000000 1 2.09063
0 22 19000000 0 0 22 27000000 1 1.77174
0 22 19000000 0 0 22 28000000 1 1.88537
0 22 19000000 0 0 22 29000000 1 2.26166
0 22 19000000 0 0 22 30000000 1 2.46325
0 22 19000000 0 0 22 31000000 1 2.58074
0 22 19000000 0 0 22 32000000 1 2.60565
0 22 19000000 0 0 22 33000000 1 1.67275
0 22 19000000 0 0 22 34000000 1 1.18438
0 22 19000000 0 0 22 35000000 1 1.83428
0 22 19000000 0 0 22 36000000 1 2.49007
0 22 19000000 0 0 22 37000000 1 2.32058
0 22 19000000 0 0 22 38000000 1 1.66601
0 22 19000000 0 0 22 39000000 1 1.26432
0 22 19000000 0 0 22 40000000 1 1.19397
0 22 19000000 0 0 22 41000000 1 1.26093
0 22 19000000 0 0 22 42000000 1 1.56398
0 22 19000000 0 0 22 43000000 1 2.78304
0 22 19000000 0 0 22 44000000 1 3.21746
0 22 19000000 0 0 22 45000000 1 3.38728
0 22 19000000 0 0 22 46000000 1 3.48040
0 22 19000000 0 0 22 47000000 1 2.58787
0 22 19000000 0 0 22 48000000 1 1.39096
0 22 19000000 0 0 22 49000000 1 1.46269
0 22 19000000 0 0 22 50000000 1 3.13635
0 22 19000000 0 0 22 51000000 1 2.20436
0 22 20000000 0 0 22 20000000 1 1.49099
0 22 20000000 0 0 22 21000000 1 1.67228
0 22 20000000 0 0 22 22000000 1 1.10588
0 22 20000000 0 0 22 23000000 1 1.30319
0 22 20000000 0 0 22 24000000 1 2.00132
0 22 20000000 0 0 22 25000000 1 1.41041
0 22 20000000 0 0 22 26000000 1 1.23896
0 22 20000000 0 0 22 27000000 1 0.92299
0 22 20000000 0 0 22 28000000 1 0.92623
0 22 20000000 0 0 22 29000000 1 1.74347
0 22 20000000 0 0 22 30000000 1 2.12566
0 22 20000000 0 0 22 31000000 1 2.16195
0 22 20000000 0 0 22 32000000 1 1.62197
0 22 20000000 0 0 22 33000000 1 0.90562
0 22 20000000 0 0 22 34000000 1 0.68090
0 22 20000000 0 0 22 35000000 1 1.15869
0 22 20000000 0 0 22 36000000 1 1.89321
0 22 20000000 0 0 22 37000000 1 2.18360
0 22 20000000 0 0 22 38000000 1 1.95924
0 22 20000000 0 0 22 39000000 1 1.41504
0 22 20000000 0 0 22 40000000 1 1.24590
0 22 20000000 0 0 22 41000000 1 1.48238
0 22 20000000 0 0 22 42000000 1 1.84406
0 22 20000000 0 0 22 43000000 1 2.31766
0 22 20000000 0 0 22 44000000 1 2.07002
0 22 20000000 0 0 22 45000000 1 2.16779
0 22 20000000 0 0 22 46000000 1 2.51986
0 22 20000000 0 0 22 47000000 1 1.55948
0 22 20000000 0 0 22 48000000 1 0.67447
0 22 20000000 0 0 22 49000000 1 0.72003
0 22 20000000 0 0 22 50000000 1 2.33575
0 22 20000000 0 0 22 51000000 1 1.76895
0 22 21000000 0 0 22 21000000 1 1.56887
0 22 21000000 0 0 22 22000000 1 0.98753
0 22 21000000 0 0 22 23000000 1 1.15754
0 22 21000000 0 0 22 24000000 1 1.77967
0 22 21000000 0 0 22 25000000 1 1.21360
0 22 21000000 0 0 22 26000000 1 1.04802
0 22 21000000 0 0 22 27000000 1 0.78470
0 22 21000000 0 0 22 28000000 1 0.86734
0 22 21000000 0 0 22 29000000 1 1.58640
0 22 21000000 0 0 22 30000000 1 1.91556
0 22 21000000 0 0 22 31000000 1 1.99450
0 22 21000000 0 0 22 32000000 1 1.45938
0 22 21000000 0 0 22 33000000 1 0.82469
0 22 21000000 0 0 22 34000000 1 0.64253
0 22 21000000 0 0 22 35000000 1 1.00227
0 22 21000000 0 0 22 36000000 1 1.74174
0 22 21000000 0 0 22 37000000 1 2.01144
0 22 21000000 0 0 22 38000000 1 1.95087
0 22 21000000 0 0 22 39000000 1 1.49070
0 22 21000000 0 0 22 40000000 1 1.37239
0 22 21000000 0 0 22 41000000 1 1.67043
0 22 21000000 0 0 22 42000000 1 1.83012
0 22 21000000 0 0 22 43000000 1 2.18620
0 22 21000000 0 0 22 44000000 1 1.91602
0 22 21000000 0 0 22 45000000 1 1.94502
0 22 21000000 0 0 22 46000000 1 2.12429
0 22 21000000 0 0 22 47000000 1 1.22844
0 22 21000000 0 0 22 48000000 1 0.53609
0 22 21000000 0 0 22 49000000 1 0.55733
0 22 21000000 0 0 22 50000000 1 1.98114
0 22 21000000 0 0 22 51000000 1 1.38260
0 22 22000000 0 0 22 22000000 1 1.62367
0 22 22000000 0 0 22 23000000 1 1.71094
0 22 22000000 0 0 22 24000000 1 1.51008
0 22 22000000 0 0 22 25000000 1 0.86999
0 22 22000000 0 0 22 26000000 1 0.81039
0 22 22000000 0 0 22 27000000 1 0.60379
0 22 22000000 0 0 22 28000000 1 0.69149
0 22 22000000 0 0 22 29000000 1 1.41288
0 22 22000000 0 0 22 30000000 1 1.60091
0 22 22000000 0 0 22 31000000 1 1.60808
0 22 22000000 0 0 22 32000000 1 1.11554
0 22 22000000 0 0 22 33000000 1 0.71638
0 22 22000000 0 0 22 34000000 1 0.61978
0 22 22000000 0 0 22 35000000 1 0.88136
0 22 22000000 0 0 22 36000000 1 1.50546
0 22 22000000 0 0 22 37000000 1 1.80782
0 22 22000000 0 0 22 38000000 1 1.83177
0 22 22000000 0 0 22 39000000 1 1.45851
0 22 22000000 0 0 22 40000000 1 1.47696
0 22 22000000 0 0 22 41000000 1 1.60614
0 22 22000000 0 0 22 42000000 1 1.90774
0 22 22000000 0 0 22 43000000 1 2.02773
0 22 22000000 0 0 22 44000000 1 1.48267
0 22 22000000 0 0 22 45000000 1 1.46868
0 22 22000000 0 0 22 46000000 1 1.70109
0 22 22000000 0 0 22 47000000 1 1.03644
0 22 22000000 0 0 22 48000000 1 0.47029
0 22 22000000 0 0 22 49000000 1 0.41013
0 22 22000000 0 0 22 50000000 1 1.53133
0 22 22000000 0 0 22 51000000 1 1.06170
0 22 23000000 0 0 22 23000000 1 1.55430
0 22 23000000 0 0 22 24000000 1 1.28281
0 22 23000000 0 0 22 25000000 1 0.92906
0 22 23000000 0 0 22 26000000 1 0.84180
0 22 23000000 0 0 22 27000000 1 0.72239
0 22 23000000 0 0 22 28000000 1 0.83306
0 22 23000000 0 0 22 29000000 1 1.25337
0 22 23000000 0 0 22 30000000 1 1.48925
0 22 23000000 0 0 22 31000000 1 1.44940
0 22 23000000 0 0 22 32000000 1 1.19146
0 22 23000000 0 0 22 33000000 1 0.86597
0 22 23000000 0 0 22 34000000 1 0.70844
0 22 23000000 0 0 22 35000000 1 0.99946
0 22 23000000 0 0 22 36000000 1 1.55774
0 22 23000000 0 0 22 37000000 1 1.81595
0 22 23000000 0 0 22 38000000 1 1.43672
0 22 23000000 0 0 22 39000000 1 1.20368
0 22 23000000 0 0 22 40000000 1 1.21662
0 22 23000000 0 0 22 41000000 1 1.17617
0 22 23000000 0 0 22 42000000 1 1.47585
0 22 23000000 0 0 22 43000000 1 1.94587
0 22 23000000 0 0 22 44000000 1 1.90481
0 22 23000000 0 0 22 45000000 1 1.77786
0 22 23000000 0 0 22 46000000 1 1.74620
0 22 23000000 0 0 22 47000000 1 1.11196
0 22 23000000 0 0 22 48000000 1 0.59323
0 22 23000000 0 0 22 49000000 1 0.60489
0 22 23000000 0 0 22 50000000 1 1.39877
0 22 23000000 0 0 22 51000000 1 1.03857
0 22 24000000 0 0 22 24000000 1 1.60601
0 22 24000000 0 0 22 25000000 1 0.68209
0 22 24000000 0 0 22 26000000 1 0.81883
0 22 24000000 0 0 22 27000000 1 0.68606
0 22 24000000 0 0 22 28000000 1 0.84314
0 22 24000000 0 0 22 29000000 1 1.82367
0 22 24000000 0 0 22 30000000 1 1.91025
0 22 24000000 0 0 22 31000000 1 1.98458
0 22 24000000 0 0 22 32000000 1 1.62192
0 22 24000000 0 0 22 33000000 1 0.92263
0 22 24000000 0 0 22 34000000 1 0.72354
0 22 24000000 0 0 22 35000000 1 1.21697
0 22 24000000 0 0 22 36000000 1 1.96636
0 22 24000000 0 0 22 37000000 1 2.01562
0 22 24000000 0 0 22 38000000 1 1.79312
0 22 24000000 0 0 22 39000000 1 1.45193
0 22 24000000 0 0 22 40000000 1 1.34293
0 22 24000000 0 0 22 41000000 1 1.58111
0 22 24000000 0 0 22 42000000 1 1.88256
0 22 24000000 0 0 22 43000000 1 2.32763
0 22 24000000 0 0 22 44000000 1 1.84957
0 22 24000000 0 0 22 45000000 1 1.94157
0 22 24000000 0 0 22 46000000 1 2.31543
0 22 24000000 0 0 22 47000000 1 1.41303
0 22 24000000 0 0 22 48000000 1 0.58579
0 22 24000000 0 0 22 49000000 1 0.56158
0 22 24000000 0 0 22 50000000 1 2.05063
0 22 24000000 0 0 22 51000000 1 1.25848
0 22 25000000 0 0 22 25000000 1 1.35202
0 22 25000000 0 0 22 26000000 1 1.96313
0 22 25000000 0 0 22 27000000 1 1.59910
0 22 25000000 0 0 22 28000000 1 2.13007
0 22 25000000 0 0 22 29000000 1 1.80247
0 22 25000000 0 0 22 30000000 1 1.52417
0 22 25000000 0 0 22 31000000 1 1.63450
0 22 25000000 0 0 22 32000000 1 2.23166
0 22 25000000 0 0 22 33000000 1 2.15003
0 22 25000000 0 0 22 34000000 1 1.68108
0 22 25000000 0 0 22 35000000 1 1.98074
0 22 25000000 0 0 22 36000000 1 2.07007
0 22 25000000 0 0 22 37000000 1 1.54119
0 22 25000000 0 0 22 38000000 1 0.87818
0 22 25000000 0 0 22 39000000 1 0.74119
0 22 25000000 0 0 22 40000000 1 0.86261
0 22 25000000 0 0 22 41000000 1 0.68814
0 22 25000000 0 0 22 42000000 1 0.86345
0 22 25000000 0 0 22 43000000 1 2.17730
0 22 25000000 0 0 22 44000000 1 3.10966
0 22 25000000 0 0 22 45000000 1 3.16231
0 22 25000000 0 0 22 46000000 1 2.63819
0 22 25000000 0 0 22 47000000 1 2.46874
0 22 25000000 0 0 22 48000000 1 1.81092
0 22 25000000 0 0 22 49000000 1 1.91577
0 22 25000000 0 0 22 50000000 1 1.89079
0 22 25000000 0 0 22 51000000 1 1.09951
0 22 26000000 0 0 22 26000000 1 1.26506
0 22 26000000 0 0 22 27000000 1 1.37378
0 22 26000000 0 0 22 28000000 1 1.95794
0 22 26000000 0 0 22 29000000 1 1.72923
0 22 26000000 0 0 22 30000000 1 1.22085
0 22 26000000 0 0 22 31000000 1 1.37931
0 22 26000000 0 0 22 32000000 1 2.08566
0 22 26000000 0 0 22 33000000 1 2.10031
0 22 26000000 0 0 22 34000000 1 1.66756
0 22 26000000 0 0 22 35000000 1 1.94541
0 22 26000000 0 0 22 36000000 1 1.75200
0 22 26000000 0 0 22 37000000 1 1.28042
0 22 26000000 0 0 22 38000000 1 0.76810
0 22 26000000 0 0 22 39000000 1 0.67519
0 22 26000000 0 0 22 40000000 1 0.69945
0 22 26000000 0 0 22 41000000 1 0.63119
0 22 26000000 0 0 22 42000000 1 0.76198
0 22 26000000 0 0 22 43000000 1 1.81780
0 22 26000000 0 0 22 44000000 1 2.47413
0 22 26000000 0 0 22 45000000 1 2.64394
0 22 26000000 0 0 22 46000000 1 2.36930
0 22 26000000 0 0 22 47000000 1 2.52636
0 22 26000000 0 0 22 48000000 1 1.93822
0 22 26000000 0 0 22 49000000 1 2.03785
0 22 26000000 0 0 22 50000000 1 1.95560
0 22 26000000 0 0 22 51000000 1 1.11510
0 22 27000000 0 0 22 27000000 1 1.31117
0 22 27000000 0 0 22 28000000 1 1.92352
0 22 27000000 0 0 22 29000000 1 1.12940
0 22 27000000 0 0 22 30000000 1 0.77555
0 22 27000000 0 0 22 31000000 1 0.92084
0 22 27000000 0 0 22 32000000 1 1.86659
0 22 27000000 0 0 22 33000000 1 2.56976
0 22 27000000 0 0 22 34000000 1 2.67036
0 22 27000000 0 0 22 35000000 1 2.18263
0 22 27000000 0 0 22 36000000 1 1.34751
0 22 27000000 0 0 22 37000000 1 0.90427
0 22 27000000 0 0 22 38000000 1 0.52396
0 22 27000000 0 0 22 39000000 1 0.44838
0 22 27000000 0 0 22 40000000 1 0.51441
0 22 27000000 0 0 22 41000000 1 0.41861
0 22 27000000 0 0 22 42000000 1 0.47485
0 22 27000000 0 0 22 43000000 1 1.53153
0 22 27000000 0 0 22 44000000 1 2.59630
0 22 27000000 0 0 22 45000000 1 2.61804
0 22 27000000 0 0 22 46000000 1 1.90768
0 22 27000000 0 0 22 47000000 1 3.35130
0 22 27000000 0 0 22 48000000 1 3.69658
0 22 27000000 0 0 22 49000000 1 4.17153
0 22 27000000 0 0 22 50000000 1 1.78074
0 22 27000000 0 0 22 51000000 1 0.94960
0 22 28000000 0 0 22 28000000 1 1.30225
0 22 28000000 0 0 22 29000000 1 1.22246
0 22 28000000 0 0 22 30000000 1 0.74181
0 22 28000000 0 0 22 31000000 1 0.91957
0 22 28000000 0 0 22 32000000 1 1.88838
0 22 28000000 0 0 22 33000000 1 2.34684
0 22 28000000 0 0 22 34000000 1 2.09052
0 22 28000000 0 0 22 35000000 1 1.99392
0 22 28000000 0 0 22 36000000 1 1.46081
0 22 28000000 0 0 22 37000000 1 0.89783
0 22 28000000 0 0 22 38000000 1 0.51996
0 22 28000000 0 0 22 39000000 1 0.44955
0 22 28000000 0 0 22 40000000 1 0.54740
0 22 28000000 0 0 22 41000000 1 0.46143
0 22 28000000 0 0 22 42000000 1 0.50184
0 22 28000000 0 0 22 43000000 1 1.51846
0 22 28000000 0 0 22 44000000 1 2.44975
0 22 28000000 0 0 22 45000000 1 2.49572
0 22 28000000 0 0 22 46000000 1 1.89045
0 22 28000000 0 0 22 47000000 1 2.86042
0 22 28000000 0 0 22 48000000 1 2.71520
0 22 28000000 0 0 22 49000000 1 2.96246
0 22 28000000 0 0 22 50000000 1 1.65901
0 22 28000000 0 0 22 51000000 1 0.89773
0 22 29000000 0 0 22 29000000 1 1.44236
0 22 29000000 0 0 22 30000000 1 1.22578
0 22 29000000 0 0 22 31000000 1 1.35162
0 22 29000000 0 0 22 32000000 1 1.55753
0 22 29000000 0 0 22 33000000 1 1.12794
0 22 29000000 0 0 22 34000000 1 0.88638
0 22 29000000 0 0 22 35000000 1 1.44706
0 22 29000000 0 0 22 36000000 1 1.81104
0 22 29000000 0 0 22 37000000 1 1.50187
0 22 29000000 0 0 22 38000000 1 1.21740
0 22 29000000 0 0 22 39000000 1 0.99326
0 22 29000000 0 0 22 40000000 1 0.98548
0 22 29000000 0 0 22 41000000 1 1.12952
0 22 29000000 0 0 22 42000000 1 1.34473
0 22 29000000 0 0 22 43000000 1 1.92041
0 22 29000000 0 0 22 44000000 1 1.80818
0 22 29000000 0 0 22 45000000 1 1.96689
0 22 29000000 0 0 22 46000000 1 2.25219
0 22 29000000 0 0 22 47000000 1 1.76352
0 22 29000000 0 0 22 48000000 1 1.06981
0 22 29000000 0 0 22 49000000 1 0.96139
0 22 29000000 0 0 22 50000000 1 2.22565
0 22 29000000 0 0 22 51000000 1 1.25716
0 22 30000000 0 0 22 30000000 1 1.52993
0 22 30000000 0 0 22 31000000 1 1.40965
0 22 30000000 0 0 22 32000000 1 1.04369
0 22 30000000 0 0 22 33000000 1 0.72476
0 22 30000000 0 0 22 34000000 1 0.61377
0 22 30000000 0 0 22 35000000 1 1.02087
0 22 30000000 0 0 22 36000000 1 1.75766
0 22 30000000 0 0 22 37000000 1 1.73851
0 22 30000000 0 0 22 38000000 1 1.44683
0 22 30000000 0 0 22 39000000 1 1.16153
0 22 30000000 0 0 22 40000000 1 1.13598
0 22 30000000 0 0 22 41000000 1 1.25562
0 22 30000000 0 0 22 42000000 1 1.48333
0 22 30000000 0 0 22 43000000 1 1.97206
0 22 30000000 0 0 22 44000000 1 1.82750
0 22 30000000 0 0 22 45000000 1 1.86977
0 22 30000000 0 0 22 46000000 1 2.05568
0 22 30000000 0 0 22 47000000 1 1.37075
0 22 30000000 0 0 22 48000000 1 0.69960
0 22 30000000 0 0 22 49000000 1 0.72922
0 22 30000000 0 0 22 50000000 1 1.82055
0 22 30000000 0 0 22 51000000 1 1.24526
0 22 31000000 0 0 22 31000000 1 1.45550
0 22 31000000 0 0 22 32000000 1 1.28514
0 22 31000000 0 0 22 33000000 1 0.66248
0 22 31000000 0 0 22 34000000 1 0.62670
0 22 31000000 0 0 22 35000000 1 1.17725
0 22 31000000 0 0 22 36000000 1 1.92514
0 22 31000000 0 0 22 37000000 1 1.81985
0 22 31000000 0 0 22 38000000 1 1.45137
0 22 31000000 0 0 22 39000000 1 1.16156
0 22 31000000 0 0 22 40000000 1 1.14237
0 22 31000000 0 0 22 41000000 1 1.35824
0 22 31000000 0 0 22 42000000 1 1.55306
0 22 31000000 0 0 22 43000000 1 2.00211
0 22 31000000 0 0 22 44000000 1 1.88761
0 22 31000000 0 0 22 45000000 1 2.02628
0 22 31000000 0 0 22 46000000 1 2.19316
0 22 31000000 0 0 22 47000000 1 1.55520
0 22 31000000 0 0 22 48000000 1 0.86314
0 22 31000000 0 0 22 49000000 1 0.86139
0 22 31000000 0 0 22 50000000 1 2.16911
0 22 31000000 0 0 22 51000000 1 1.39441
0 22 32000000 0 0 22 32000000 1 1.38686
0 22 32000000 0 0 22 33000000 1 1.13333
0 22 32000000 0 0 22 34000000 1 1.06984
0 22 32000000 0 0 22 35000000 1 1.80367
0 22 32000000 0 0 22 36000000 1 1.99517
0 22 32000000 0 0 22 37000000 1 1.37990
0 22 32000000 0 0 22 38000000 1 0.88466
0 22 32000000 0 0 22 39000000 1 0.74592
0 22 32000000 0 0 22 40000000 1 0.81654
0 22 32000000 0 0 22 41000000 1 0.86354
0 22 32000000 0 0 22 42000000 1 0.95426
0 22 32000000 0 0 22 43000000 1 1.92546
0 22 32000000 0 0 22 44000000 1 2.45586
0 22 32000000 0 0 22 45000000 1 2.56732
0 22 32000000 0 0 22 46000000 1 2.55222
0 22 32000000 0 0 22 47000000 1 2.56597
0 22 32000000 0 0 22 48000000 1 1.71298
0 22 32000000 0 0 22 49000000 1 1.79076
0 22 32000000 0 0 22 50000000 1 2.29422
0 22 32000000 0 0 22 51000000 1 1.33545
0 22 33000000 0 0 22 33000000 1 1.27438
0 22 33000000 0 0 22 34000000 1 1.89438
0 22 33000000 0 0 22 35000000 1 2.96844
0 22 33000000 0 0 22 36000000 1 1.53869
0 22 33000000 0 0 22 37000000 1 0.84033
0 22 33000000 0 0 22 38000000 1 0.47997
0 22 33000000 0 0 22 39000000 1 0.44987
0 22 33000000 0 0 22 40000000 1 0.56191
0 22 33000000 0 0 22 41000000 1 0.43430
0 22 33000000 0 0 22 42000000 1 0.53118
0 22 33000000 0 0 22 43000000 1 1.44638
0 22 33000000 0 0 22 44000000 1 2.29084
0 22 33000000 0 0 22 45000000 1 2.39641
0 22 33000000 0 0 22 46000000 1 1.99003
0 22 33000000 0 0 22 47000000 1 3.13118
0 22 33000000 0 0 22 48000000 1 3.10579
0 22 33000000 0 0 22 49000000 1 3.13580
0 22 33000000 0 0 22 50000000 1 1.78965
0 22 33000000 0 0 22 51000000 1 0.91951
0 22 34000000 0 0 22 34000000 1 1.36688
0 22 34000000 0 0 22 35000000 1 1.71771
0 22 34000000 0 0 22 36000000 1 0.87775
0 22 34000000 0 0 22 37000000 1 0.54852
0 22 34000000 0 0 22 38000000 1 0.34864
0 22 34000000 0 0 22 39000000 1 0.32870
0 22 34000000 0 0 22 40000000 1 0.42326
0 22 34000000 0 0 22 41000000 1 0.35029
0 22 34000000 0 0 22 42000000 1 0.42205
0 22 34000000 0 0 22 43000000 1 1.06478
0 22 34000000 0 0 22 44000000 1 1.71458
0 22 34000000 0 0 22 45000000 1 1.74456
0 22 34000000 0 0 22 46000000 1 1.39167
0 22 34000000 0 0 22 47000000 1 3.10913
0 22 34000000 0 0 22 48000000 1 4.26444
0 22 34000000 0 0 22 49000000 1 4.58412
0 22 34000000 0 0 22 50000000 1 1.43827
0 22 34000000 0 0 22 51000000 1 0.73014
0 22 35000000 0 0 22 35000000 1 1.26623
0 22 35000000 0 0 22 36000000 1 1.30622
0 22 35000000 0 0 22 37000000 1 0.75728
0 22 35000000 0 0 22 38000000 1 0.52172
0 22 35000000 0 0 22 39000000 1 0.51491
0 22 35000000 0 0 22 40000000 1 0.59190
0 22 35000000 0 0 22 41000000 1 0.55713
0 22 35000000 0 0 22 42000000 1 0.71775
0 22 35000000 0 0 22 43000000 1 1.48314
0 22 35000000 0 0 22 44000000 1 2.04090
0 22 35000000 0 0 22 45000000 1 2.15882
0 22 35000000 0 0 22 46000000 1 2.13666
0 22 35000000 0 0 22 47000000 1 2.93133
0 22 35000000 0 0 22 48000000 1 2.81944
0 22 35000000 0 0 22 49000000 1 2.76165
0 22 35000000 0 0 22 50000000 1 2.20802
0 22 35000000 0 0 22 51000000 1 1.09759
0 22 36000000 0 0 22 36000000 1 1.45948
0 22 36000000 0 0 22 37000000 1 1.12063
0 22 36000000 0 0 22 38000000 1 0.80374
0 22 36000000 0 0 22 39000000 1 0.79877
0 22 36000000 0 0 22 40000000 1 0.83348
0 22 36000000 0 0 22 41000000 1 0.95138
0 22 36000000 0 0 22 42000000 1 1.25237
0 22 36000000 0 0 22 43000000 1 2.04380
0 22 36000000 0 0 22 44000000 1 2.23068
0 22 36000000 0 0 22 45000000 1 2.36259
0 22 36000000 0 0 22 46000000 1 2.38095
0 22 36000000 0 0 22 47000000 1 1.85632
0 22 36000000 0 0 22 48000000 1 1.12762
0 22 36000000 0 0 22 49000000 1 1.14282
0 22 36000000 0 0 22 50000000 1 2.28695
0 22 36000000 0 0 22 51000000 1 1.38590
0 22 37000000 0 0 22 37000000 1 1.61575
0 22 37000000 0 0 22 38000000 1 1.05757
0 22 37000000 0 0 22 39000000 1 1.00125
0 22 37000000 0 0 22 40000000 1 0.99034
0 22 37000000 0 0 22 41000000 1 1.23169
0 22 37000000 0 0 22 42000000 1 1.71763
0 22 37000000 0 0 22 43000000 1 2.19087
0 22 37000000 0 0 22 44000000 1 1.96792
0 22 37000000 0 0 22 45000000 1 1.92130
0 22 37000000 0 0 22 46000000 1 1.86428
0 22 37000000 0 0 22 47000000 1 1.11190
0 22 37000000 0 0 22 48000000 1 0.65055
0 22 37000000 0 0 22 49000000 1 0.66105
0 22 37000000 0 0 22 50000000 1 1.80230
0 22 37000000 0 0 22 51000000 1 1.31451
0 22 38000000 0 0 22 38000000 1 1.70421
0 22 38000000 0 0 22 39000000 1 1.30067
0 22 38000000 0 0 22 40000000 1 1.01449
0 22 38000000 0 0 22 41000000 1 1.73764
0 22 38000000 0 0 22 42000000 1 1.83714
0 22 38000000 0 0 22 43000000 1 1.52609
0 22 38000000 0 0 22 44000000 1 1.02653
0 22 38000000 0 0 22 45000000 1 1.03657
0 22 38000000 0 0 22 46000000 1 1.20396
0 22 38000000 0 0 22 47000000 1 0.65843
0 22 38000000 0 0 22 48000000 1 0.36525
0 22 38000000 0 0 22 49000000 1 0.37219
0 22 38000000 0 0 22 50000000 1 1.39098
0 22 38000000 0 0 22 51000000 1 1.07334
0 22 39000000 0 0 22 39000000 1 1.60861
0 22 39000000 0 0 22 40000000 1 1.72030
0 22 39000000 0 0 22 41000000 1 1.70221
0 22 39000000 0 0 22 42000000 1 1.37838
0 22 39000000 0 0 22 43000000 1 1.11909
0 22 39000000 0 0 22 44000000 1 0.80363
0 22 39000000 0 0 22 45000000 1 0.83610
0 22 39000000 0 0 22 46000000 1 0.88512
0 22 39000000 0 0 22 47000000 1 0.52440
0 22 39000000 0 0 22 48000000 1 0.33109
0 22 39000000 0 0 22 49000000 1 0.30319
0 22 39000000 0 0 22 50000000 1 1.05944
0 22 39000000 0 0 22 51000000 1 0.77741
0 22 40000000 0 0 22 40000000 1 1.60671
0 22 40000000 0 0 22 41000000 1 1.68588
0 22 40000000 0 0 22 42000000 1 0.83917
0 22 40000000 0 0 22 43000000 1 0.88347
0 22 40000000 0 0 22 44000000 1 0.72504
0 22 40000000 0 0 22 45000000 1 0.74716
0 22 40000000 0 0 22 46000000 1 0.77591
0 22 40000000 0 0 22 47000000 1 0.48602
0 22 40000000 0 0 22 48000000 1 0.32194
0 22 40000000 0 0 22 49000000 1 0.32980
0 22 40000000 0 0 22 50000000 1 0.75181
0 22 40000000 0 0 22 51000000 1 0.55248
0 22 41000000 0 0 22 41000000 1 1.67908
0 22 41000000 0 0 22 42000000 1 1.08577
0 22 41000000 0 0 22 43000000 1 0.76407
0 22 41000000 0 0 22 44000000 1 0.53126
0 22 41000000 0 0 22 45000000 1 0.57361
0 22 41000000 0 0 22 46000000 1 0.71886
0 22 41000000 0 0 22 47000000 1 0.44702
0 22 41000000 0 0 22 48000000 1 0.26972
0 22 41000000 0 0 22 49000000 1 0.27264
0 22 41000000 0 0 22 50000000 1 0.95033
0 22 41000000 0 0 22 51000000 1 0.71012
0 22 42000000 0 0 22 42000000 1 1.83929
0 22 42000000 0 0 22 43000000 1 0.94334
0 22 42000000 0 0 22 44000000 1 0.55853
0 22 42000000 0 0 22 45000000 1 0.67628
0 22 42000000 0 0 22 46000000 1 0.82278
0 22 42000000 0 0 22 47000000 1 0.49108
0 22 42000000 0 0 22 48000000 1 0.29534
0 22 42000000 0 0 22 49000000 1 0.29701
0 22 42000000 0 0 22 50000000 1 1.16715
0 22 42000000 0 0 22 51000000 1 0.83103
0 22 43000000 0 0 22 43000000 1 1.49153
0 22 43000000 0 0 22 44000000 1 1.48669
0 22 43000000 0 0 22 45000000 1 1.82011
0 22 43000000 0 0 22 46000000 1 1.48721
0 22 43000000 0 0 22 47000000 1 1.00864
0 22 43000000 0 0 22 48000000 1 0.73801
0 22 43000000 0 0 22 49000000 1 0.83882
0 22 43000000 0 0 22 50000000 1 1.50857
0 22 43000000 0 0 22 51000000 1 1.10668
0 22 44000000 0 0 22 44000000 1 1.41792
0 22 44000000 0 0 22 45000000 1 1.49230
0 22 44000000 0 0 22 46000000 1 1.26072
0 22 44000000 0 0 22 47000000 1 1.12812
0 22 44000000 0 0 22 48000000 1 1.04135
0 22 44000000 0 0 22 49000000 1 1.31177
0 22 44000000 0 0 22 50000000 1 1.50229
0 22 44000000 0 0 22 51000000 1 1.08318
0 22 45000000 0 0 22 45000000 1 1.33868
0 22 45000000 0 0 22 46000000 1 1.49658
0 22 45000000 0 0 22 47000000 1 1.13981
0 22 45000000 0 0 22 48000000 1 1.07521
0 22 45000000 0 0 22 49000000 1 1.32978
0 22 45000000 0 0 22 50000000 1 1.70613
0 22 45000000 0 0 22 51000000 1 1.19801
0 22 46000000 0 0 22 46000000 1 1.42563
0 22 46000000 0 0 22 47000000 1 1.22516
0 22 46000000 0 0 22 48000000 1 0.90018
0 22 46000000 0 0 22 49000000 1 1.07231
0 22 46000000 0 0 22 50000000 1 2.21140
0 22 46000000 0 0 22 51000000 1 1.32743
0 22 47000000 0 0 22 47000000 1 1.21973
0 22 47000000 0 0 22 48000000 1 1.89120
0 22 47000000 0 0 22 49000000 1 3.50571
0 22 47000000 0 0 22 50000000 1 2.30908
0 22 47000000 0 0 22 51000000 1 0.98467
0 22 48000000 0 0 22 48000000 1 1.42519
0 22 48000000 0 0 22 49000000 1 1.84020
0 22 48000000 0 0 22 50000000 1 1.22236
0 22 48000000 0 0 22 51000000 1 0.55952
0 22 49000000 0 0 22 49000000 1 1.50867
0 22 49000000 0 0 22 50000000 1 0.88238
0 22 49000000 0 0 22 51000000 1 0.50501
0 22 50000000 0 0 22 50000000 1 1.39312
0 22 50000000 0 0 22 51000000 1 2.45606
0 22 51000000 0 0 22 51000000 1 1.88948
